Assets/Resources/_input/Farsite/output/rox.fli
NCOLS 201
NROWS 351
XLLCORNER -775605.000000
YLLCORNER 1857555.000000
CELLSIZE 30.000000
NODATA_VALUE -1
[rows 52 to 77 of 351, columns 120 to 179 of 201]
-0001.000 -0001.000 -0001.000 -0001.000 00030.716 00133.722 00164.786 00044.561 00113.062 00237.187 00294.758 00412.953 00465.346 00454.115 00088.564 00284.067 00332.888 00343.398 00355.289 00385.715 00396.131 00384.228 00066.837 00096.114 00095.605 00093.246 00083.950 00075.336 00056.783 00472.802 00434.900 00401.235 00328.379 00164.629 00078.492 00073.423 00090.550 00058.374 00063.834 00055.986 00043.310 00030.018 00011.545 00000.288 -0001.000 -0001.000 -0001.000 -0001.000 -0001.000 -0001.000 -0001.000 -0001.000 -0001.000 -0001.000 -0001.000 -0001.000 -0001.000 -0001.000 -0001.000 -0001.000
-0001.000 -0001.000 -0001.000 -0001.000 00012.063 00112.528 00137.563 00034.329 00057.484 00202.213 00204.714 00168.032 00226.521 00452.476 00127.309 00282.457 00333.723 00376.640 00387.855 00403.024 00403.311 00403.732 00076.327 00084.275 00095.566 00092.737 00079.918 00078.604 00059.272 00471.394 00402.473 00249.556 00304.208 00064.452 00137.126 00047.455 00051.674 00051.334 00051.101 00055.629 00045.924 00034.903 00018.156 00006.522 -0001.000 -0001.000 -0001.000 -0001.000 -0001.000 -0001.000 -0001.000 -0001.000 -0001.000 -0001.000 -0001.000 -0001.000 -0001.000 -0001.000 -0001.000 -0001.000
-0001.000 -0001.000 -0001.000 -0001.000 00068.204 00020.609 00080.216 00027.469 00044.377 00045.987 00063.487 00087.004 00176.142 00467.289 00212.131 00268.737 00333.154 00384.181 00399.965 00415.347 00419.619 00409.377 00088.562 00088.625 00097.154 00095.953 00077.918 00080.494 00068.496 00471.346 00371.911 00079.642 00256.517 00166.367 00095.277 00070.775 00059.941 00050.997 00053.232 00053.124 00046.480 00031.406 00023.002 00007.388 00007.190 00001.462 -0001.000 -0001.000 -0001.000 -0001.000 -0001.000 -0001.000 -0001.000 -0001.000 -0001.000 -0001.000 -0001.000 -0001.000 -0001.000 -0001.000
-0001.000 -0001.000 -0001.000 -0001.000 -0001.000 00051.922 00106.113 00071.327 00085.188 00035.207 00050.938 00074.823 00097.026 00451.398 00408.371 00252.199 00310.461 00360.813 00404.454 00479.848 00471.631 00432.593 00226.260 00091.815 00098.086 00097.511 00076.641 00082.362 00137.478 00447.467 00347.214 00112.616 00263.764 00176.057 00118.473 00093.442 00066.113 00067.583 00059.349 00062.302 00075.506 00079.510 00041.499 00104.518 00109.457 00217.765 -0001.000 -0001.000 -0001.000 -0001.000 -0001.000 -0001.000 -0001.000 -0001.000 -0001.000 -0001.000 -0001.000 -0001.000 -0001.000 -0001.000
-0001.000 -0001.000 -0001.000 -0001.000 -0001.000 00001.484 00052.134 00191.077 00103.901 00063.948 00050.830 00085.370 00086.106 00122.143 00296.529 00223.375 00277.700 00340.439 00405.147 00478.765 00499.197 00486.044 00329.236 00156.869 00099.149 00098.806 00075.101 00084.787 00176.037 00221.449 00306.785 00145.612 00124.934 00063.296 00156.740 00114.608 00084.832 00075.537 00070.977 00092.406 00139.536 00125.073 00412.724 00313.488 00330.577 00301.201 00234.109 -0001.000 -0001.000 -0001.000 -0001.000 -0001.000 -0001.000 -0001.000 -0001.000 -0001.000 -0001.000 -0001.000 -0001.000 -0001.000
-0001.000 -0001.000 -0001.000 -0001.000 -0001.000 00014.299 00024.028 00153.530 00153.479 00163.465 00148.855 00149.323 00077.094 00096.571 00224.988 00101.369 00239.155 00324.270 00388.298 00474.642 00526.919 00536.272 00346.304 00161.174 00110.819 00099.728 00099.438 00095.557 00092.906 00117.908 00264.552 00369.803 00183.907 00346.337 00141.216 00146.986 00089.376 00073.889 00084.418 00135.892 00138.204 00163.007 00072.766 00208.200 00335.533 00301.238 00274.412 00047.247 00243.909 -0001.000 -0001.000 -0001.000 -0001.000 -0001.000 -0001.000 -0001.000 -0001.000 -0001.000 -0001.000 -0001.000
-0001.000 -0001.000 -0001.000 -0001.000 -0001.000 00031.579 00108.129 00162.749 00185.260 00198.868 00181.869 00181.022 00098.619 00086.275 00099.814 00436.455 00207.131 00290.707 00365.623 00462.440 00459.954 00312.302 00313.368 00250.861 00381.437 00361.526 00099.020 00154.061 00113.258 00217.616 00220.870 00388.633 00265.193 00353.296 00142.158 00145.372 00079.281 00061.484 00129.602 00139.856 00061.672 00131.684 00185.518 00053.883 00189.302 00286.634 00265.501 00225.266 00374.582 -0001.000 -0001.000 -0001.000 -0001.000 -0001.000 -0001.000 -0001.000 -0001.000 -0001.000 -0001.000 -0001.000
-0001.000 -0001.000 -0001.000 -0001.000 -0001.000 -0001.000 00006.884 00165.240 00182.321 00198.309 00196.787 00196.735 00179.904 00205.807 00388.477 00482.277 00135.333 00230.120 00340.012 00439.447 00515.895 00524.224 00207.693 00181.322 00166.384 00399.520 00130.610 00167.653 00118.728 00201.759 00183.194 00451.452 00153.058 00243.181 00141.824 00129.680 00061.327 00044.993 00120.400 00119.876 00068.139 00136.191 00344.257 00418.024 00082.634 00268.633 00255.455 00269.706 00134.937 -0001.000 -0001.000 -0001.000 -0001.000 -0001.000 -0001.000 -0001.000 -0001.000 -0001.000 -0001.000 -0001.000
-0001.000 -0001.000 -0001.000 -0001.000 -0001.000 -0001.000 -0001.000 00162.587 00177.331 00193.737 00209.808 00206.904 00242.313 00291.810 00319.464 00438.219 00300.687 00114.553 00305.352 00327.349 00204.035 00324.066 00251.518 00145.401 00120.058 00274.460 00121.764 00166.961 00098.180 00179.735 00377.735 00392.613 00108.213 00092.970 00128.356 00110.020 00038.333 00031.848 00047.451 00094.268 00067.606 00106.229 00336.570 00410.554 00254.814 00280.372 00243.271 00242.913 00080.434 -0001.000 -0001.000 00049.467 00005.650 -0001.000 -0001.000 -0001.000 -0001.000 -0001.000 -0001.000 -0001.000
-0001.000 -0001.000 -0001.000 -0001.000 -0001.000 00007.651 00006.398 00158.283 00174.118 00189.391 00206.784 00218.885 00232.043 00196.593 00316.214 00384.666 00206.731 00084.626 00184.984 00145.144 00156.772 00155.192 00243.536 00233.183 00104.218 00097.965 00273.088 00130.279 00077.778 00229.444 00318.360 00344.169 00144.814 00089.234 00107.490 00099.289 00074.698 00057.713 00009.007 00319.517 00127.455 00104.800 00105.551 00193.788 00297.624 00239.080 00203.098 00150.542 00087.263 -0001.000 00010.090 00061.717 00029.396 00012.229 -0001.000 -0001.000 -0001.000 -0001.000 -0001.000 -0001.000
-0001.000 -0001.000 -0001.000 -0001.000 -0001.000 00017.382 00020.159 00154.150 00169.019 00185.370 00201.819 00217.329 00229.191 00209.771 00290.622 00329.748 00314.449 00373.151 00200.412 00130.361 00140.654 00338.058 00487.421 00302.907 00106.427 00169.855 00094.160 00095.736 00258.617 00378.406 00369.390 00303.051 00192.770 00075.445 00090.413 00070.263 00061.562 00047.342 00303.931 00408.673 00224.745 00130.107 00112.798 00105.772 00233.312 00240.474 00047.091 00058.776 00091.236 00206.391 00023.619 00051.541 00034.370 00023.478 -0001.000 -0001.000 -0001.000 -0001.000 -0001.000 -0001.000
-0001.000 -0001.000 -0001.000 -0001.000 -0001.000 00003.822 00026.985 00148.942 00163.505 00180.745 00196.681 00212.870 00228.815 00246.293 00273.384 00305.135 00344.142 00366.160 00363.686 00261.688 00179.360 00293.639 00462.235 00340.811 00261.964 00214.051 00081.581 00089.082 00353.437 00395.401 00249.405 00252.757 00054.941 00056.704 00071.266 00061.775 00050.310 00008.719 00346.159 00416.438 00219.864 00100.370 00121.703 00104.380 00099.787 00250.223 00130.379 00176.706 00092.925 00168.422 00054.070 00040.278 00027.885 00001.716 -0001.000 -0001.000 -0001.000 -0001.000 -0001.000 -0001.000
-0001.000 -0001.000 -0001.000 -0001.000 -0001.000 00002.468 00027.567 00143.688 00157.021 00174.268 00191.244 00207.737 00222.707 00239.119 00255.146 00278.157 00265.081 00358.192 00368.617 00339.425 00221.421 00406.697 00470.405 00437.378 00364.851 00321.187 00076.144 00096.666 00224.014 00273.201 00071.512 00095.356 00072.873 00127.865 00056.214 00042.662 00036.573 00036.158 00376.899 00233.790 00118.234 00109.158 00147.571 00109.281 00093.296 00246.123 00209.555 00207.569 00079.899 00151.631 00060.446 00027.727 00015.939 -0001.000 -0001.000 -0001.000 -0001.000 -0001.000 -0001.000 -0001.000
-0001.000 -0001.000 -0001.000 -0001.000 -0001.000 00001.746 00025.789 00138.273 00150.669 00167.306 00184.446 00202.432 00218.810 00232.808 00200.633 00236.484 00294.703 00345.696 00362.846 00362.623 00372.487 00427.797 00457.689 00438.031 00412.150 00389.486 00211.018 00086.549 00084.270 00086.398 00070.255 00027.976 00047.106 00075.656 00050.523 00039.924 00037.826 00020.176 00330.435 00094.324 00054.834 00102.399 00144.478 00115.476 00128.389 00213.768 00261.514 00087.373 00027.885 00095.194 00020.703 00015.911 -0001.000 -0001.000 -0001.000 -0001.000 -0001.000 -0001.000 -0001.000 -0001.000
-0001.000 -0001.000 -0001.000 -0001.000 -0001.000 -0001.000 00006.996 00134.778 00144.806 00161.252 00177.314 00195.741 00214.918 00228.307 00195.884 00269.777 00291.862 00319.408 00344.618 00357.062 00383.314 00404.746 00442.177 00434.200 00408.895 00394.550 00304.595 00105.215 00080.569 00080.403 00077.233 00022.838 00025.891 00041.177 00055.063 00037.267 00043.533 00064.110 00089.059 00082.563 00020.619 00063.545 00125.971 00075.454 00095.527 00189.317 00151.582 00074.674 -0001.000 -0001.000 -0001.000 -0001.000 -0001.000 -0001.000 -0001.000 -0001.000 -0001.000 -0001.000 -0001.000 -0001.000
-0001.000 -0001.000 -0001.000 -0001.000 -0001.000 -0001.000 -0001.000 00139.183 00139.979 00153.908 00169.983 00187.440 00206.347 00222.824 00248.931 00268.308 00286.460 00312.482 00335.523 00346.904 00368.558 00378.784 00427.535 00431.005 00403.682 00397.089 00083.425 00099.854 00323.633 00114.015 00072.200 00066.760 00117.197 00089.073 00048.160 00045.535 00052.171 00092.508 00092.505 00092.347 00011.033 00095.176 00086.407 00056.353 00073.543 00107.181 00065.978 00054.215 -0001.000 -0001.000 -0001.000 -0001.000 -0001.000 -0001.000 -0001.000 -0001.000 -0001.000 -0001.000 -0001.000 -0001.000
-0001.000 -0001.000 -0001.000 -0001.000 -0001.000 -0001.000 -0001.000 00136.426 00136.610 00149.463 00163.050 00178.374 00196.649 00213.726 00236.404 00263.359 00276.152 00294.064 00325.149 00343.020 00353.160 00359.417 00396.559 00424.029 00408.468 00340.872 00330.600 00081.666 00081.639 00078.700 00067.589 00063.060 00095.049 00096.394 00052.572 00039.469 00062.673 00093.862 00069.780 00092.548 00090.310 00050.231 00017.556 00076.108 00049.620 00055.545 00029.191 00032.403 -0001.000 -0001.000 -0001.000 -0001.000 -0001.000 -0001.000 -0001.000 -0001.000 -0001.000 -0001.000 -0001.000 -0001.000
-0001.000 -0001.000 -0001.000 -0001.000 00003.227 00003.542 00136.999 00131.589 00133.536 00144.251 00156.548 00170.108 00186.708 00205.347 00226.582 00249.179 00264.002 00275.798 00307.266 00335.869 00339.642 00251.439 00255.206 00393.019 00396.033 00370.298 00215.923 00098.271 00072.722 00069.563 00063.884 00063.497 00110.108 00088.722 00052.562 00038.050 00077.366 00094.324 00079.312 00050.021 00082.380 00044.835 00024.090 00016.311 00043.459 00023.781 00022.523 00007.445 -0001.000 -0001.000 -0001.000 -0001.000 -0001.000 -0001.000 -0001.000 -0001.000 -0001.000 -0001.000 -0001.000 -0001.000
-0001.000 -0001.000 -0001.000 -0001.000 00001.953 00010.096 00121.109 00129.183 00126.059 00136.648 00150.299 00163.510 00177.599 00194.975 00217.965 00237.795 00253.422 00267.009 00287.964 00333.083 00255.065 00261.760 00172.716 00180.747 00375.672 00373.671 00322.242 00318.564 00308.970 00050.473 00051.137 00080.980 00072.152 00064.380 00051.668 00069.308 00069.601 00090.745 00092.139 00086.951 00028.377 00029.128 00021.131 00018.509 00029.030 00007.388 00003.960 -0001.000 -0001.000 -0001.000 -0001.000 -0001.000 -0001.000 -0001.000 -0001.000 -0001.000 -0001.000 -0001.000 -0001.000 -0001.000
-0001.000 -0001.000 -0001.000 -0001.000 -0001.000 00023.647 00105.929 00125.349 00118.359 00128.973 00142.925 00155.721 00171.941 00182.881 00207.087 00230.292 00245.519 00256.499 00272.114 00151.334 00204.167 00368.746 00213.691 00306.439 00365.734 00375.010 00384.408 00386.669 00371.396 00173.969 00039.148 00049.339 00046.647 00040.106 00051.346 00070.452 00058.777 00053.939 00082.380 00057.695 00055.930 00028.232 00034.889 00021.826 00000.789 -0001.000 -0001.000 -0001.000 -0001.000 -0001.000 -0001.000 -0001.000 -0001.000 -0001.000 -0001.000 -0001.000 -0001.000 -0001.000 -0001.000 -0001.000
-0001.000 -0001.000 -0001.000 -0001.000 00009.327 00000.220 00059.022 00036.430 00111.752 00122.329 00134.363 00147.248 00164.134 00177.470 00193.649 00221.945 00237.319 00248.879 00260.065 00188.285 00326.325 00351.576 00342.482 00367.079 00358.124 00298.252 00271.521 00384.660 00382.432 00122.728 00009.239 00007.822 00038.312 00030.522 00042.339 00062.347 00078.608 00075.384 00039.484 00034.030 00028.074 00026.116 00030.534 00016.447 -0001.000 -0001.000 -0001.000 -0001.000 -0001.000 -0001.000 -0001.000 -0001.000 -0001.000 -0001.000 -0001.000 -0001.000 -0001.000 -0001.000 -0001.000 -0001.000
-0001.000 -0001.000 -0001.000 -0001.000 -0001.000 00001.325 00108.757 00032.302 00105.019 00114.237 00125.812 00139.003 00155.240 00170.671 00187.109 00212.194 00227.014 00240.197 00251.367 00255.145 00315.005 00310.515 00336.342 00366.466 00363.206 00134.339 00049.648 00189.151 00369.618 00355.077 00053.262 00041.280 00048.130 00042.403 00060.450 00060.322 00067.618 00058.580 00032.442 00054.980 00136.531 00035.073 00026.274 00011.991 -0001.000 -0001.000 -0001.000 -0001.000 -0001.000 -0001.000 -0001.000 -0001.000 -0001.000 -0001.000 -0001.000 -0001.000 -0001.000 -0001.000 -0001.000 -0001.000
-0001.000 -0001.000 -0001.000 -0001.000 -0001.000 -0001.000 00001.535 00105.689 00094.249 00106.006 00113.874 00128.931 00148.157 00158.878 00180.170 00200.546 00214.809 00227.170 00242.626 00281.196 00283.834 00302.471 00334.764 00371.319 00379.867 00105.615 00076.946 00061.975 00159.939 00070.939 00051.742 00043.036 00128.723 00091.210 00113.523 00093.519 00055.357 00038.449 00029.372 00174.263 00147.658 00032.090 00024.363 00007.747 -0001.000 -0001.000 -0001.000 -0001.000 -0001.000 -0001.000 -0001.000 -0001.000 -0001.000 -0001.000 -0001.000 -0001.000 -0001.000 -0001.000 -0001.000 -0001.000
-0001.000 -0001.000 -0001.000 -0001.000 -0001.000 -0001.000 -0001.000 00046.322 00080.273 00091.913 00101.896 00115.783 00132.475 00147.469 00167.073 00189.062 00196.510 00211.585 00224.734 00244.838 00265.227 00281.716 00308.963 00353.800 00236.740 00242.149 00144.395 00061.581 00057.971 00049.837 00040.396 00050.199 00168.761 00259.217 00185.630 00157.431 00043.839 00030.392 00026.777 00142.961 00041.194 00031.194 00017.753 00006.150 -0001.000 -0001.000 -0001.000 -0001.000 -0001.000 -0001.000 -0001.000 -0001.000 -0001.000 -0001.000 -0001.000 -0001.000 -0001.000 -0001.000 -0001.000 -0001.000
-0001.000 -0001.000 -0001.000 -0001.000 -0001.000 -0001.000 -0001.000 -0001.000 00001.675 00080.445 00086.673 00101.694 00114.486 00130.604 00146.709 00166.711 00172.937 00190.997 00203.770 00218.632 00244.757 00149.612 00278.598 00326.913 00369.028 00333.795 00347.841 00144.054 00051.692 00041.030 00040.483 00047.054 00229.294 00276.657 00399.943 00315.057 00061.948 00025.730 00026.565 00027.392 00033.202 00028.525 00016.669 00005.271 -0001.000 -0001.000 -0001.000 -0001.000 -0001.000 -0001.000 -0001.000 -0001.000 -0001.000 -0001.000 -0001.000 -0001.000 -0001.000 -0001.000 -0001.000 -0001.000
-0001.000 -0001.000 -0001.000 -0001.000 -0001.000 -0001.000 -0001.000 -0001.000 -0001.000 00001.370 00076.899 00088.474 00100.848 00112.119 00130.051 00140.540 00153.661 00159.443 00173.465 00199.931 00218.349 00064.602 00253.894 00323.479 00358.317 00383.538 00402.394 00241.924 00037.462 00032.295 00043.311 00059.247 00289.312 00258.790 00069.388 00122.575 00207.911 00043.144 00027.227 00028.250 00028.974 00024.359 00010.315 00014.701 00005.471 -0001.000 -0001.000 -0001.000 -0001.000 -0001.000 -0001.000 -0001.000 -0001.000 -0001.000 -0001.000 -0001.000 -0001.000 -0001.000 -0001.000 -0001.000
