Assets/Resources/_input/Farsite/output/rox.hpa
NCOLS 201
NROWS 351
XLLCORNER -775605.000000
YLLCORNER 1857555.000000
CELLSIZE 30.000000
NODATA_VALUE -1
[rows 52 to 77 of 351, columns 120 to 179 of 201]
-0001.000 -0001.000 -0001.000 -0001.000 02549.919 04565.748 04413.633 00639.461 01572.232 03082.199 04426.495 04835.597 04840.783 04827.610 03128.190 04661.036 04720.074 04584.713 04508.308 04495.694 04518.490 04515.032 02524.113 02794.475 02515.427 02522.266 02549.402 02574.699 02574.806 04974.350 04959.451 04929.484 04837.367 02332.925 00676.570 00728.432 00883.574 00547.270 00607.313 00579.846 00523.231 00471.556 00360.405 00124.806 -0001.000 -0001.000 -0001.000 -0001.000 -0001.000 -0001.000 -0001.000 -0001.000 -0001.000 -0001.000 -0001.000 -0001.000 -0001.000 -0001.000 -0001.000 -0001.000
-0001.000 -0001.000 -0001.000 -0001.000 02226.482 04515.736 04708.088 00635.150 00934.804 03051.860 02474.500 01388.009 01696.454 04645.069 03911.565 04841.618 04845.153 04877.286 04779.628 04590.437 04561.750 04549.634 02531.425 02521.959 02520.722 02519.320 02525.735 02532.963 02567.078 04968.739 04955.098 02506.992 04904.529 00938.448 01050.882 00477.821 00497.997 00524.731 00545.025 00589.493 00571.408 00541.204 00453.268 00337.856 -0001.000 -0001.000 -0001.000 -0001.000 -0001.000 -0001.000 -0001.000 -0001.000 -0001.000 -0001.000 -0001.000 -0001.000 -0001.000 -0001.000 -0001.000 -0001.000
-0001.000 -0001.000 -0001.000 -0001.000 02840.637 02817.578 03043.704 00684.594 00842.806 00699.223 00720.342 00729.817 01324.499 04775.526 04779.158 04918.365 04989.829 05011.150 04869.195 04693.215 04658.456 04581.247 02537.755 02531.538 02528.943 02528.260 02534.712 02543.607 02551.334 04968.454 04965.372 00777.938 04916.532 01575.379 00644.448 00584.036 00541.052 00544.202 00592.938 00619.341 00624.618 00579.094 00549.016 00364.479 00308.577 00182.532 -0001.000 -0001.000 -0001.000 -0001.000 -0001.000 -0001.000 -0001.000 -0001.000 -0001.000 -0001.000 -0001.000 -0001.000 -0001.000 -0001.000
-0001.000 -0001.000 -0001.000 -0001.000 -0001.000 02516.896 03682.872 02930.537 02673.829 00692.343 00715.133 00731.922 00743.647 04705.144 04888.002 04947.492 04990.282 05003.747 04956.955 05029.509 04913.430 04720.371 03830.384 02537.253 02534.767 02535.715 02542.711 02549.718 03311.971 04942.936 04994.757 01374.275 04926.636 01986.789 00716.780 00665.852 00595.229 00675.697 00671.594 00746.722 01383.880 02150.863 01318.854 01847.050 01842.168 03205.595 -0001.000 -0001.000 -0001.000 -0001.000 -0001.000 -0001.000 -0001.000 -0001.000 -0001.000 -0001.000 -0001.000 -0001.000 -0001.000 -0001.000
-0001.000 -0001.000 -0001.000 -0001.000 -0001.000 00241.760 01282.746 04208.148 04426.317 01843.991 00934.539 01016.812 00744.811 00894.584 03450.767 04863.573 04992.991 05010.549 05043.053 05058.970 05062.553 05059.814 04489.914 03271.394 02541.187 02543.197 02547.663 02555.883 02361.508 02017.048 05013.283 02390.733 00824.242 00820.254 00979.006 00761.305 00715.658 00779.851 00797.038 01510.897 04920.267 04789.664 04621.151 04476.425 04484.454 04447.746 03818.459 -0001.000 -0001.000 -0001.000 -0001.000 -0001.000 -0001.000 -0001.000 -0001.000 -0001.000 -0001.000 -0001.000 -0001.000 -0001.000
-0001.000 -0001.000 -0001.000 -0001.000 -0001.000 00970.480 00570.464 03434.619 03287.286 04748.696 04825.459 02705.136 00743.290 00760.226 02248.322 01841.736 04997.841 05033.293 05052.459 05070.521 05080.387 05086.141 04844.470 03477.287 02765.796 02555.417 02886.800 02322.250 01094.907 01102.740 04994.744 04149.490 01739.785 03524.879 00824.495 00873.305 00826.986 00848.141 01252.780 03946.011 04900.827 02521.966 00571.985 02210.166 04552.704 04523.678 04523.545 01419.474 04186.557 -0001.000 -0001.000 -0001.000 -0001.000 -0001.000 -0001.000 -0001.000 -0001.000 -0001.000 -0001.000 -0001.000
-0001.000 -0001.000 -0001.000 -0001.000 -0001.000 02350.945 03384.347 04017.479 04238.361 04414.979 04797.190 04556.775 01080.320 00760.440 00802.810 04948.947 05002.480 05042.521 05063.041 05081.338 03904.063 02084.899 04070.261 03752.448 04845.195 04614.958 02593.000 00865.482 00771.364 02748.390 04951.492 04980.884 04219.272 02852.443 00882.404 00907.240 00868.147 00871.355 03727.137 05003.184 01666.133 00979.255 01599.158 00527.822 02204.029 04501.253 04575.837 04456.698 04438.616 -0001.000 -0001.000 -0001.000 -0001.000 -0001.000 -0001.000 -0001.000 -0001.000 -0001.000 -0001.000 -0001.000
-0001.000 -0001.000 -0001.000 -0001.000 -0001.000 -0001.000 00298.107 04101.247 04232.744 04309.865 04400.914 04764.751 02668.504 02421.640 04960.679 04982.554 03433.555 05045.198 05070.484 05085.591 05096.951 04817.227 03269.261 02187.379 01088.126 04330.305 02163.085 00855.313 00797.223 02488.036 04842.715 04971.924 03761.992 02551.119 00874.511 01137.375 00982.856 00964.522 04468.781 04116.633 00640.857 01024.723 03182.775 04774.899 00938.092 04245.585 04651.814 04606.777 01341.175 -0001.000 -0001.000 -0001.000 -0001.000 -0001.000 -0001.000 -0001.000 -0001.000 -0001.000 -0001.000 -0001.000
-0001.000 -0001.000 -0001.000 -0001.000 -0001.000 -0001.000 -0001.000 04095.481 04212.888 04315.419 04423.731 04480.192 04876.973 04718.597 04065.934 04978.702 04583.381 04414.589 05074.365 03354.578 01111.797 02027.498 01503.861 01949.604 00858.359 02848.333 00836.266 00924.325 00738.771 02264.313 04753.580 04800.448 03072.436 01123.693 00846.611 02084.121 03161.903 01461.410 01413.783 03251.167 00670.195 00808.559 03170.027 04786.531 03188.715 04682.414 04695.846 04018.701 00594.899 -0001.000 -0001.000 00537.160 00335.254 -0001.000 -0001.000 -0001.000 -0001.000 -0001.000 -0001.000 -0001.000
-0001.000 -0001.000 -0001.000 -0001.000 -0001.000 01238.630 00469.453 04085.790 04213.081 04317.021 04420.010 04501.371 04643.518 02846.580 04801.938 04942.290 03862.654 02758.355 03159.930 01125.331 00877.506 00858.549 01645.187 03791.568 00827.844 00812.758 02487.417 00794.943 00664.481 04047.746 04616.448 04659.476 02397.999 00773.414 00984.585 03588.788 02740.674 02571.223 00598.867 04560.319 01617.029 00842.658 00706.878 01586.507 04571.365 04334.042 03791.544 02382.005 00631.927 -0001.000 00640.038 00657.232 00526.250 00422.022 -0001.000 -0001.000 -0001.000 -0001.000 -0001.000 -0001.000
-0001.000 -0001.000 -0001.000 -0001.000 -0001.000 01842.133 02247.482 04081.391 04198.734 04309.913 04418.949 04496.256 04575.778 03249.451 04693.927 04746.111 04642.130 04913.051 05038.809 01236.394 00837.595 02599.758 04823.301 05008.506 00893.073 01932.947 00720.161 00653.115 02567.964 04446.614 04599.488 04588.788 04463.471 00997.844 01393.133 02056.525 02883.896 02565.269 04748.799 04745.976 03840.345 01104.368 00710.632 00730.469 03283.385 04593.151 00719.822 00810.750 00692.312 03439.222 00715.549 00673.837 00617.124 00535.311 -0001.000 -0001.000 -0001.000 -0001.000 -0001.000 -0001.000
-0001.000 -0001.000 -0001.000 -0001.000 -0001.000 01529.150 02363.284 04066.372 04184.175 04302.469 04405.537 04499.907 04580.704 04648.213 04698.606 04763.788 04795.820 04830.920 04870.514 03593.583 01275.309 02367.759 04697.650 03767.288 02690.402 02543.666 00656.244 00635.848 04014.190 04518.142 03010.209 04557.739 01140.349 00594.872 00614.670 02460.393 02539.884 00494.003 04700.275 04721.624 04796.325 00738.861 00735.251 00765.321 01098.909 04889.627 02261.101 01751.239 00746.037 03192.659 00921.379 00708.238 00623.228 00269.957 -0001.000 -0001.000 -0001.000 -0001.000 -0001.000 -0001.000
-0001.000 -0001.000 -0001.000 -0001.000 -0001.000 01705.290 02380.952 04051.265 04162.294 04285.320 04393.809 04495.969 04581.051 04651.828 04709.133 04620.055 03568.729 04840.712 04875.290 04943.467 02002.875 04214.913 04956.941 04937.211 04147.639 03999.248 00658.391 00709.898 01983.938 02603.707 00629.084 01441.900 02545.741 01989.091 00538.810 00584.268 02540.555 01858.068 04775.919 01750.398 04302.364 00780.022 00806.894 00834.584 01238.853 04951.955 04887.788 02066.194 00768.583 03811.096 01476.664 00674.884 00531.274 -0001.000 -0001.000 -0001.000 -0001.000 -0001.000 -0001.000 -0001.000
-0001.000 -0001.000 -0001.000 -0001.000 -0001.000 01152.986 02374.308 04023.308 04143.686 04266.648 04380.961 04490.278 04581.913 04643.403 03434.800 03806.444 04551.334 04857.905 04840.599 04858.888 04865.164 04941.576 04923.011 04901.024 04876.240 04845.909 02323.911 00607.342 00618.575 00636.852 00596.418 00432.808 01057.030 01381.778 00648.000 01184.166 02536.062 00703.671 04783.647 00748.276 02394.608 00803.079 00811.694 00910.920 01800.680 04977.336 04198.789 00868.010 00766.540 03694.385 00691.657 00573.848 -0001.000 -0001.000 -0001.000 -0001.000 -0001.000 -0001.000 -0001.000 -0001.000
-0001.000 -0001.000 -0001.000 -0001.000 -0001.000 -0001.000 01051.576 04152.473 04108.209 04255.801 04369.414 04469.109 04581.140 04637.453 03326.399 04772.540 04829.668 04836.225 04810.665 04796.932 04866.485 04856.637 04861.924 04862.611 04856.102 04804.216 03124.072 00735.585 00624.408 00630.356 00643.001 00412.734 00462.571 00459.106 01303.378 02548.652 02539.524 02530.369 01406.470 00775.804 01156.835 00695.262 00810.679 00914.336 00807.716 04990.827 02152.384 00882.867 -0001.000 -0001.000 -0001.000 -0001.000 -0001.000 -0001.000 -0001.000 -0001.000 -0001.000 -0001.000 -0001.000 -0001.000
-0001.000 -0001.000 -0001.000 -0001.000 -0001.000 -0001.000 -0001.000 04899.800 04088.873 04218.482 04355.422 04449.068 04552.493 04629.542 04715.551 04782.201 04836.452 04809.885 04787.413 04778.729 04818.814 04756.310 04807.478 04830.378 04793.660 04790.552 00657.127 00706.059 03260.797 00988.934 00655.627 00704.367 00793.649 00659.410 00973.681 02438.343 02232.415 02536.423 02531.684 02526.303 00314.118 01710.921 00777.633 00836.865 00888.107 01881.087 00934.457 00937.872 -0001.000 -0001.000 -0001.000 -0001.000 -0001.000 -0001.000 -0001.000 -0001.000 -0001.000 -0001.000 -0001.000 -0001.000
-0001.000 -0001.000 -0001.000 -0001.000 -0001.000 -0001.000 -0001.000 04923.765 04098.810 04214.046 04328.974 04428.386 04528.177 04612.986 04712.180 04791.591 04819.805 04791.437 04764.750 04781.240 04775.559 04674.420 04457.703 04799.467 04789.189 03687.063 03288.958 00599.778 00620.357 00675.140 00672.299 00718.564 00729.129 00676.393 00598.747 02552.709 02545.193 02307.091 01029.013 02527.789 02369.122 00957.442 00366.901 00745.538 00817.087 01103.228 00753.761 00956.911 -0001.000 -0001.000 -0001.000 -0001.000 -0001.000 -0001.000 -0001.000 -0001.000 -0001.000 -0001.000 -0001.000 -0001.000
-0001.000 -0001.000 -0001.000 -0001.000 01875.656 01661.281 04834.079 04816.940 04122.816 04222.150 04304.452 04403.806 04514.016 04613.424 04712.661 04792.942 04804.450 04774.958 04767.338 04765.313 04764.267 02851.043 02573.642 04500.397 04739.976 04127.399 01965.767 00804.268 00600.701 00632.148 00693.643 00742.927 00728.449 00707.372 00845.788 02551.937 02546.841 02542.153 01720.077 00693.682 02056.293 00860.847 00407.174 00463.018 01548.161 02021.992 00736.803 00677.180 -0001.000 -0001.000 -0001.000 -0001.000 -0001.000 -0001.000 -0001.000 -0001.000 -0001.000 -0001.000 -0001.000 -0001.000
-0001.000 -0001.000 -0001.000 -0001.000 01540.604 01968.610 04843.966 04896.305 04079.576 04210.784 04301.400 04394.866 04513.249 04607.051 04709.040 04806.922 04807.312 04809.062 04796.517 04779.682 03106.566 03161.232 01704.931 01843.623 04642.633 04364.283 03449.847 03367.007 03462.887 00557.122 00618.791 00640.884 00587.811 00597.038 02082.670 02550.188 01081.779 01685.552 02538.169 02533.397 00436.705 00425.017 00424.869 00399.680 02117.845 02355.840 00784.082 -0001.000 -0001.000 -0001.000 -0001.000 -0001.000 -0001.000 -0001.000 -0001.000 -0001.000 -0001.000 -0001.000 -0001.000 -0001.000
-0001.000 -0001.000 -0001.000 -0001.000 -0001.000 02186.842 04775.084 04879.322 04027.181 04146.594 04290.998 04383.749 04512.331 04593.594 04704.190 04832.648 04836.559 04826.813 04825.915 01488.313 02336.588 04864.994 02377.823 03640.047 04608.628 04562.579 04530.557 04498.381 04469.582 03310.751 00540.445 00564.493 00519.283 00503.449 01419.172 02538.468 01144.090 00587.564 01712.631 00978.399 01323.852 00453.343 00453.757 00424.594 00200.789 -0001.000 -0001.000 -0001.000 -0001.000 -0001.000 -0001.000 -0001.000 -0001.000 -0001.000 -0001.000 -0001.000 -0001.000 -0001.000 -0001.000 -0001.000
-0001.000 -0001.000 -0001.000 -0001.000 01791.581 00171.829 04205.295 04424.831 03982.279 04109.322 04255.226 04353.042 04510.865 04597.713 04715.860 04849.178 04868.331 04851.363 04835.685 02220.805 04737.015 04840.256 04623.982 04615.668 04590.352 03666.359 03158.064 04468.521 04485.689 01982.403 00345.167 00309.262 00525.287 00519.187 00541.135 02335.481 02535.223 01708.688 00499.459 00515.361 00500.735 00458.221 00461.946 00408.298 -0001.000 -0001.000 -0001.000 -0001.000 -0001.000 -0001.000 -0001.000 -0001.000 -0001.000 -0001.000 -0001.000 -0001.000 -0001.000 -0001.000 -0001.000 -0001.000
-0001.000 -0001.000 -0001.000 -0001.000 -0001.000 01481.409 04838.600 04320.219 03944.396 04056.665 04183.796 04317.888 04484.218 04597.082 04733.398 04871.908 04890.360 04866.433 04850.206 03744.592 04825.536 04639.066 04624.419 04628.323 04611.487 01503.824 00470.151 01907.385 04340.919 04403.836 00591.196 00551.639 00628.705 00634.332 00694.606 00550.778 00768.370 01237.732 00462.942 01016.742 03008.559 00457.866 00444.392 00384.336 -0001.000 -0001.000 -0001.000 -0001.000 -0001.000 -0001.000 -0001.000 -0001.000 -0001.000 -0001.000 -0001.000 -0001.000 -0001.000 -0001.000 -0001.000 -0001.000
-0001.000 -0001.000 -0001.000 -0001.000 -0001.000 -0001.000 01654.767 04475.362 03875.728 04022.638 04123.514 04281.727 04473.844 04579.068 04765.445 04909.274 04909.003 04866.539 04852.186 04798.983 04695.618 04677.896 04642.722 04673.216 04656.507 01041.808 00667.954 00522.695 01568.678 00729.228 00637.353 00614.312 02095.931 01020.359 01298.309 00752.879 00614.781 00645.903 00483.990 03820.118 02460.424 00464.221 00441.483 00345.832 -0001.000 -0001.000 -0001.000 -0001.000 -0001.000 -0001.000 -0001.000 -0001.000 -0001.000 -0001.000 -0001.000 -0001.000 -0001.000 -0001.000 -0001.000 -0001.000
-0001.000 -0001.000 -0001.000 -0001.000 -0001.000 -0001.000 -0001.000 03095.189 03749.428 03955.662 04052.208 04243.083 04437.696 04580.450 04787.852 04904.134 04905.180 04858.697 04829.050 04777.864 04699.968 04681.944 04570.267 04618.117 02591.255 02492.754 01318.824 00532.699 00550.651 00570.855 00590.582 00628.836 03440.097 03933.650 02373.524 01508.183 00567.241 00501.590 00482.064 02972.307 00603.187 00485.899 00412.942 00329.158 -0001.000 -0001.000 -0001.000 -0001.000 -0001.000 -0001.000 -0001.000 -0001.000 -0001.000 -0001.000 -0001.000 -0001.000 -0001.000 -0001.000 -0001.000 -0001.000
-0001.000 -0001.000 -0001.000 -0001.000 -0001.000 -0001.000 -0001.000 -0001.000 01772.394 03833.073 03919.459 04158.937 04361.812 04586.668 04758.672 04896.580 04898.378 04862.620 04814.808 04758.896 04691.342 02517.178 04509.470 04524.831 04583.492 03642.728 03578.803 01439.615 00538.125 00553.383 00580.144 00601.682 03225.458 04838.257 04569.356 04301.697 00960.189 00460.741 00479.029 00466.407 00511.528 00497.524 00422.441 00308.432 -0001.000 -0001.000 -0001.000 -0001.000 -0001.000 -0001.000 -0001.000 -0001.000 -0001.000 -0001.000 -0001.000 -0001.000 -0001.000 -0001.000 -0001.000 -0001.000
-0001.000 -0001.000 -0001.000 -0001.000 -0001.000 -0001.000 -0001.000 -0001.000 -0001.000 01597.395 03798.598 04029.514 04267.733 04493.807 04732.378 04867.648 04901.384 04877.111 04817.398 04734.316 04659.084 01163.044 04457.924 04544.386 04558.919 04548.886 04561.312 02930.178 00479.490 00525.087 00568.707 00599.748 04601.493 04636.194 00663.952 01454.985 03797.541 00813.454 00479.444 00457.833 00492.591 00503.173 00385.321 00370.604 00293.903 -0001.000 -0001.000 -0001.000 -0001.000 -0001.000 -0001.000 -0001.000 -0001.000 -0001.000 -0001.000 -0001.000 -0001.000 -0001.000 -0001.000 -0001.000
