Assets/Resources/_input/Farsite/output/rox.fli
NCOLS 201
NROWS 351
XLLCORNER -775605.000000
YLLCORNER 1857555.000000
CELLSIZE 30.000000
NODATA_VALUE -1
[rows 260 to 285 of 351, columns 60 to 119 of 201]
00001.985 00002.507 00007.548 00048.096 00020.410 00015.821 00055.835 00244.032 00197.368 00002.936 00062.350 00210.653 00128.515 -0001.000 -0001.000 -0001.000 -0001.000 -0001.000 -0001.000 -0001.000 -0001.000 -0001.000 -0001.000 -0001.000 -0001.000 -0001.000 -0001.000 -0001.000 -0001.000 -0001.000 -0001.000 -0001.000 -0001.000 -0001.000 -0001.000 -0001.000 -0001.000 -0001.000 -0001.000 -0001.000 -0001.000 -0001.000 -0001.000 00046.417 -0001.000 -0001.000 -0001.000 00331.174 00323.655 00034.951 00012.280 00024.686 00056.955 00013.091 -0001.000 -0001.000 -0001.000 -0001.000 -0001.000 -0001.000
00002.858 00044.811 00030.861 00155.826 00154.029 00119.300 00049.067 00065.526 00253.889 00087.079 00013.916 00151.611 00210.161 00083.464 00073.065 00087.884 00113.828 -0001.000 -0001.000 -0001.000 -0001.000 -0001.000 -0001.000 -0001.000 -0001.000 -0001.000 -0001.000 -0001.000 -0001.000 -0001.000 -0001.000 -0001.000 -0001.000 -0001.000 -0001.000 -0001.000 -0001.000 -0001.000 -0001.000 -0001.000 -0001.000 -0001.000 -0001.000 00023.664 00101.345 -0001.000 00016.563 00259.870 00269.787 00171.404 00031.197 00091.635 00035.487 00017.647 -0001.000 -0001.000 -0001.000 -0001.000 -0001.000 -0001.000
00027.457 00056.657 00040.674 00156.353 00028.151 00026.998 00039.936 00061.334 00007.724 00056.979 00042.499 00001.762 00064.742 00231.588 00159.692 00106.254 00133.201 -0001.000 -0001.000 -0001.000 -0001.000 -0001.000 -0001.000 -0001.000 -0001.000 -0001.000 -0001.000 -0001.000 -0001.000 -0001.000 -0001.000 -0001.000 -0001.000 -0001.000 -0001.000 -0001.000 -0001.000 -0001.000 -0001.000 -0001.000 -0001.000 -0001.000 -0001.000 00021.477 00029.080 -0001.000 00016.840 00208.567 00254.176 00081.521 00003.016 00161.328 00028.513 00025.311 -0001.000 -0001.000 -0001.000 -0001.000 -0001.000 -0001.000
00052.825 00064.703 00047.729 00217.216 00056.671 00270.054 00187.841 00028.364 00049.860 00301.490 00242.154 00022.646 00046.476 00044.447 00114.046 00115.781 00120.939 00139.627 00008.146 -0001.000 -0001.000 -0001.000 -0001.000 -0001.000 -0001.000 -0001.000 -0001.000 -0001.000 -0001.000 -0001.000 -0001.000 -0001.000 -0001.000 -0001.000 -0001.000 -0001.000 -0001.000 -0001.000 -0001.000 -0001.000 -0001.000 -0001.000 -0001.000 00012.492 00015.231 -0001.000 00131.077 00186.025 00208.145 00040.108 00043.966 00077.409 00174.534 00019.884 -0001.000 -0001.000 -0001.000 -0001.000 -0001.000 -0001.000
00053.774 00062.785 00050.171 00016.563 00012.594 00417.832 00299.959 00424.296 00294.516 00255.966 00212.207 00003.122 00003.186 00118.823 00015.868 00126.641 00132.868 00118.308 00055.219 00005.324 00000.138 -0001.000 -0001.000 -0001.000 -0001.000 -0001.000 -0001.000 -0001.000 -0001.000 -0001.000 -0001.000 -0001.000 -0001.000 -0001.000 -0001.000 -0001.000 -0001.000 -0001.000 -0001.000 -0001.000 -0001.000 -0001.000 00002.649 00016.663 00197.768 -0001.000 00507.258 00155.515 00163.482 00083.210 00039.544 00044.282 00075.551 00010.691 00002.169 -0001.000 -0001.000 -0001.000 -0001.000 -0001.000
00050.270 00062.891 00049.937 00029.949 00115.359 00235.226 00207.527 00313.102 00285.468 00223.109 00185.235 00027.848 00054.157 00017.906 00122.723 00050.307 00135.183 00056.148 00014.590 00020.928 -0001.000 -0001.000 -0001.000 -0001.000 -0001.000 -0001.000 -0001.000 -0001.000 -0001.000 -0001.000 -0001.000 -0001.000 -0001.000 -0001.000 -0001.000 -0001.000 -0001.000 -0001.000 -0001.000 -0001.000 -0001.000 -0001.000 -0001.000 00010.690 00014.485 00041.461 00459.348 00183.479 00110.282 00088.114 00029.857 00042.209 00015.867 00014.238 00004.677 -0001.000 -0001.000 -0001.000 -0001.000 -0001.000
00045.037 00060.966 00066.051 00015.656 00354.243 00331.478 00424.424 00260.582 00283.970 00203.154 00157.688 00135.377 00101.480 00014.686 00008.785 00011.077 00052.261 00032.422 -0001.000 -0001.000 -0001.000 -0001.000 -0001.000 -0001.000 -0001.000 -0001.000 -0001.000 -0001.000 -0001.000 -0001.000 -0001.000 -0001.000 -0001.000 -0001.000 -0001.000 -0001.000 -0001.000 -0001.000 -0001.000 -0001.000 -0001.000 -0001.000 -0001.000 -0001.000 -0001.000 00030.303 00283.395 00021.166 00138.846 00221.696 00009.881 00034.385 00036.819 00053.595 00002.897 -0001.000 -0001.000 -0001.000 -0001.000 -0001.000
00039.659 00049.209 00110.524 00022.221 00089.775 00512.563 00367.261 00306.230 00254.445 00151.403 00122.763 00122.226 00106.929 00041.879 00002.894 -0001.000 -0001.000 -0001.000 -0001.000 -0001.000 -0001.000 -0001.000 -0001.000 -0001.000 -0001.000 -0001.000 -0001.000 -0001.000 -0001.000 -0001.000 -0001.000 -0001.000 -0001.000 -0001.000 -0001.000 -0001.000 -0001.000 -0001.000 -0001.000 -0001.000 -0001.000 -0001.000 -0001.000 -0001.000 -0001.000 00016.185 00058.473 00285.696 00051.343 00196.699 00024.547 00042.339 00025.505 00058.391 00042.124 -0001.000 -0001.000 -0001.000 -0001.000 -0001.000
00007.031 00020.358 00073.500 00005.947 00066.332 00476.201 00313.567 00295.312 00235.118 00010.473 00216.888 00102.120 00012.483 00043.550 00002.134 -0001.000 00000.183 -0001.000 -0001.000 -0001.000 00000.574 00001.943 00006.050 00023.801 00050.865 -0001.000 -0001.000 -0001.000 -0001.000 -0001.000 -0001.000 -0001.000 -0001.000 -0001.000 -0001.000 -0001.000 -0001.000 -0001.000 -0001.000 -0001.000 -0001.000 -0001.000 -0001.000 -0001.000 -0001.000 00125.078 00190.380 00186.569 00469.807 00005.142 00035.619 00103.128 00020.860 00017.921 00012.337 -0001.000 -0001.000 -0001.000 -0001.000 -0001.000
00049.032 00002.253 00079.656 00185.744 00299.643 00783.542 00303.139 00267.716 00220.485 00057.450 00126.811 00097.703 00029.155 00063.123 00007.140 00020.133 00079.179 00001.918 -0001.000 -0001.000 00018.490 00111.911 00325.547 00116.758 00178.855 -0001.000 -0001.000 -0001.000 -0001.000 -0001.000 -0001.000 -0001.000 -0001.000 -0001.000 -0001.000 -0001.000 -0001.000 -0001.000 -0001.000 -0001.000 -0001.000 -0001.000 -0001.000 -0001.000 -0001.000 00000.275 00011.612 00123.060 00334.323 00027.321 00150.259 00298.827 00030.539 00010.086 00028.009 -0001.000 -0001.000 -0001.000 -0001.000 -0001.000
00026.734 00002.989 00374.080 00182.372 00382.468 00580.543 00296.549 00242.403 00053.595 00089.037 00103.036 00049.585 00043.773 00178.590 00005.693 00024.961 00273.244 00012.662 -0001.000 00021.404 00169.533 00101.492 00316.113 00044.552 00131.378 -0001.000 -0001.000 -0001.000 -0001.000 -0001.000 -0001.000 -0001.000 -0001.000 -0001.000 -0001.000 -0001.000 -0001.000 -0001.000 -0001.000 -0001.000 -0001.000 -0001.000 -0001.000 -0001.000 -0001.000 -0001.000 00012.413 00114.269 00201.114 00206.708 00021.155 00296.949 00156.171 00025.960 00025.433 00004.445 -0001.000 -0001.000 -0001.000 -0001.000
00002.774 00057.624 00467.639 00201.019 00242.827 00335.678 00272.507 00220.641 00028.648 00025.513 00059.355 00030.985 00014.213 00007.404 00006.164 00371.225 00089.615 00004.426 00064.410 00169.253 00384.454 00372.723 00255.992 00076.176 00168.837 -0001.000 -0001.000 -0001.000 -0001.000 -0001.000 -0001.000 -0001.000 -0001.000 -0001.000 -0001.000 -0001.000 -0001.000 -0001.000 -0001.000 -0001.000 -0001.000 -0001.000 -0001.000 -0001.000 -0001.000 -0001.000 00100.706 00101.453 00102.833 00167.329 00121.842 00240.254 00294.898 00044.127 00017.104 00007.032 -0001.000 -0001.000 -0001.000 -0001.000
00014.832 00186.282 00427.897 00528.624 00464.374 00211.522 00208.342 00106.199 00135.904 00016.015 00156.808 00117.659 00093.105 00167.826 00288.107 00294.018 00022.230 00005.670 00004.858 00159.920 00342.339 00479.826 00204.426 00152.262 00108.390 -0001.000 -0001.000 -0001.000 -0001.000 -0001.000 -0001.000 -0001.000 -0001.000 -0001.000 -0001.000 -0001.000 -0001.000 -0001.000 -0001.000 -0001.000 -0001.000 -0001.000 -0001.000 00000.205 00001.031 00000.720 -0001.000 00037.089 00008.449 00136.481 00120.512 00184.371 00203.786 00035.362 00048.846 00015.799 -0001.000 -0001.000 -0001.000 -0001.000
00006.045 00273.445 00400.834 00510.219 00423.232 00209.831 00194.231 00026.892 00110.455 00083.959 00056.089 00616.369 00129.227 00133.815 00142.537 00081.176 00219.213 00067.405 00011.839 00010.626 00081.940 00257.296 00157.836 00032.617 00018.732 -0001.000 -0001.000 -0001.000 -0001.000 -0001.000 -0001.000 -0001.000 -0001.000 -0001.000 -0001.000 -0001.000 -0001.000 -0001.000 -0001.000 -0001.000 -0001.000 -0001.000 00000.330 00007.080 00013.807 00016.881 00000.009 -0001.000 00005.465 00092.850 00091.275 00047.844 00166.121 00102.980 00029.121 00028.103 -0001.000 -0001.000 -0001.000 -0001.000
00034.530 00201.023 00250.067 00410.175 00441.823 00181.420 00149.161 00070.626 00035.180 00146.126 00144.717 00888.620 00311.110 00155.667 00189.645 00055.616 00231.223 00136.572 00143.643 00076.627 00010.208 00144.706 00040.052 00313.059 00000.596 -0001.000 -0001.000 -0001.000 -0001.000 -0001.000 -0001.000 -0001.000 -0001.000 -0001.000 -0001.000 -0001.000 -0001.000 -0001.000 -0001.000 -0001.000 -0001.000 -0001.000 00047.779 00064.617 00021.528 00243.838 00461.938 -0001.000 00015.701 00034.477 00068.702 00012.099 00084.955 00055.813 00037.759 00019.194 -0001.000 -0001.000 -0001.000 -0001.000
00154.696 00160.823 00126.204 00230.470 00425.119 00152.524 00115.599 00129.080 00059.407 00026.062 00087.092 00750.623 00239.781 00162.484 00154.490 00176.159 00062.573 00077.422 00346.463 00333.081 00162.640 00051.510 00078.722 00036.081 -0001.000 -0001.000 -0001.000 -0001.000 -0001.000 -0001.000 -0001.000 -0001.000 -0001.000 -0001.000 -0001.000 -0001.000 -0001.000 -0001.000 -0001.000 -0001.000 -0001.000 -0001.000 -0001.000 -0001.000 00015.044 00075.708 00341.823 -0001.000 00051.399 00012.273 00036.549 00015.866 00055.465 00001.746 00004.179 00011.732 -0001.000 -0001.000 -0001.000 -0001.000
00142.003 00077.321 00054.865 00063.165 00492.822 00095.293 00096.235 00007.230 00106.710 00452.585 00073.324 00947.134 00087.267 00571.191 00244.959 00127.005 00002.408 00014.681 00016.387 00351.610 00026.407 00091.023 00042.020 -0001.000 -0001.000 -0001.000 -0001.000 -0001.000 -0001.000 -0001.000 -0001.000 -0001.000 -0001.000 -0001.000 -0001.000 -0001.000 -0001.000 -0001.000 -0001.000 -0001.000 -0001.000 -0001.000 -0001.000 -0001.000 00000.173 00003.231 00226.598 -0001.000 00001.028 00018.255 00059.177 00075.309 00078.898 00175.049 00003.536 00011.844 00001.345 -0001.000 -0001.000 -0001.000
00135.267 00051.458 00044.718 00040.140 00472.201 00045.867 00003.072 00009.374 00285.940 00824.560 00004.209 00951.484 00472.886 00446.884 00007.908 00007.917 00557.608 00009.266 00045.457 00284.452 00001.626 -0001.000 -0001.000 -0001.000 -0001.000 -0001.000 -0001.000 -0001.000 -0001.000 -0001.000 -0001.000 -0001.000 -0001.000 -0001.000 -0001.000 -0001.000 -0001.000 -0001.000 -0001.000 -0001.000 -0001.000 -0001.000 -0001.000 00000.389 00004.051 00047.071 00154.343 -0001.000 -0001.000 00014.330 00026.412 00025.673 00022.873 00074.166 00000.153 -0001.000 -0001.000 -0001.000 -0001.000 -0001.000
00049.685 00036.067 00022.183 00057.863 00414.639 00250.594 00003.179 00009.888 00059.901 00435.902 00005.391 00703.183 00208.660 00108.291 00381.317 00004.629 00218.308 00220.511 00107.797 00039.480 -0001.000 -0001.000 -0001.000 -0001.000 -0001.000 -0001.000 -0001.000 -0001.000 -0001.000 -0001.000 -0001.000 -0001.000 -0001.000 -0001.000 -0001.000 -0001.000 -0001.000 -0001.000 -0001.000 -0001.000 -0001.000 -0001.000 -0001.000 -0001.000 00003.750 00187.107 00158.877 00229.264 -0001.000 00004.270 00002.198 00002.869 00008.068 00008.522 00115.117 00003.105 -0001.000 -0001.000 -0001.000 -0001.000
00309.322 00123.906 00005.907 00230.184 00136.310 00307.341 00004.299 00013.560 00327.725 00218.266 00302.164 00188.184 00197.855 00016.094 00152.876 00012.863 00045.583 00228.244 00147.386 00004.177 00011.691 -0001.000 -0001.000 -0001.000 -0001.000 -0001.000 -0001.000 -0001.000 -0001.000 -0001.000 -0001.000 -0001.000 -0001.000 -0001.000 -0001.000 -0001.000 -0001.000 -0001.000 -0001.000 -0001.000 -0001.000 -0001.000 -0001.000 -0001.000 00003.249 00119.613 00102.147 00044.435 -0001.000 00000.281 00002.512 00001.123 00117.945 00103.193 00059.255 00000.557 -0001.000 -0001.000 -0001.000 -0001.000
00237.063 00368.254 00072.646 00109.514 00018.481 00187.789 00038.905 00010.306 00014.576 00024.189 00181.709 00032.756 00388.309 00046.372 00142.140 00290.077 00229.970 00170.514 00057.149 00027.069 00017.257 -0001.000 -0001.000 -0001.000 -0001.000 -0001.000 -0001.000 -0001.000 -0001.000 -0001.000 -0001.000 -0001.000 -0001.000 -0001.000 -0001.000 -0001.000 -0001.000 -0001.000 -0001.000 -0001.000 -0001.000 -0001.000 -0001.000 -0001.000 00002.500 00100.850 00089.146 00055.416 00004.118 00120.190 00002.543 00001.577 00000.850 00000.994 00000.947 -0001.000 -0001.000 -0001.000 -0001.000 -0001.000
00153.979 00097.693 00089.735 00122.847 00203.513 00187.645 00018.538 00004.594 00012.388 00004.496 00012.379 00024.281 00232.851 00043.852 00120.987 00132.924 00169.735 00122.571 00009.389 00010.458 00003.839 -0001.000 -0001.000 -0001.000 -0001.000 -0001.000 -0001.000 -0001.000 -0001.000 -0001.000 -0001.000 -0001.000 -0001.000 -0001.000 -0001.000 -0001.000 -0001.000 -0001.000 -0001.000 -0001.000 -0001.000 -0001.000 -0001.000 -0001.000 00001.531 00061.934 00029.248 00022.590 00063.968 00160.429 00046.714 00005.602 00010.642 00016.981 00001.076 -0001.000 -0001.000 -0001.000 -0001.000 -0001.000
00009.078 00252.503 00340.193 00057.559 00221.702 00157.735 00097.493 00268.059 00051.362 00031.833 00117.003 00094.456 00190.115 00030.529 00252.187 00051.041 00028.270 00020.188 00012.308 00000.672 -0001.000 -0001.000 -0001.000 -0001.000 -0001.000 -0001.000 -0001.000 -0001.000 -0001.000 -0001.000 -0001.000 -0001.000 -0001.000 -0001.000 -0001.000 -0001.000 -0001.000 -0001.000 -0001.000 -0001.000 -0001.000 -0001.000 -0001.000 -0001.000 -0001.000 00005.777 -0001.000 00076.969 00005.938 00005.501 00033.980 00016.308 00004.731 00006.392 -0001.000 -0001.000 -0001.000 -0001.000 -0001.000 -0001.000
00010.703 00215.284 00237.923 00002.100 00191.481 00110.460 00298.343 00203.794 00091.102 00071.341 00032.940 00178.373 00170.663 00044.529 00027.574 -0001.000 -0001.000 00001.766 -0001.000 -0001.000 -0001.000 -0001.000 -0001.000 -0001.000 -0001.000 -0001.000 -0001.000 -0001.000 -0001.000 -0001.000 -0001.000 -0001.000 -0001.000 -0001.000 -0001.000 -0001.000 -0001.000 -0001.000 -0001.000 -0001.000 -0001.000 -0001.000 -0001.000 -0001.000 -0001.000 -0001.000 -0001.000 00007.296 00037.793 00013.031 00026.584 00023.055 00002.390 00000.734 -0001.000 -0001.000 -0001.000 -0001.000 -0001.000 -0001.000
00007.810 00190.138 00218.736 00141.509 00125.881 00009.852 00244.254 00083.364 00115.448 00139.846 00028.654 00144.498 00130.526 00101.734 00005.499 00006.514 -0001.000 -0001.000 -0001.000 -0001.000 -0001.000 -0001.000 -0001.000 -0001.000 -0001.000 -0001.000 -0001.000 -0001.000 -0001.000 -0001.000 -0001.000 -0001.000 -0001.000 -0001.000 -0001.000 -0001.000 -0001.000 -0001.000 -0001.000 -0001.000 00073.728 00085.344 -0001.000 -0001.000 -0001.000 -0001.000 -0001.000 00002.023 00013.155 00032.140 00020.221 00002.802 00001.250 -0001.000 -0001.000 -0001.000 -0001.000 -0001.000 -0001.000 -0001.000
00006.857 00150.939 00158.341 00136.118 00095.536 00107.982 00155.538 00012.772 00083.538 00120.949 00114.225 00138.978 00058.062 00119.758 00014.448 00010.394 -0001.000 -0001.000 -0001.000 -0001.000 -0001.000 -0001.000 -0001.000 -0001.000 -0001.000 -0001.000 -0001.000 -0001.000 -0001.000 -0001.000 -0001.000 00061.544 00024.827 00054.745 -0001.000 -0001.000 00047.113 00000.954 00000.203 -0001.000 00075.083 00072.316 00387.629 -0001.000 -0001.000 -0001.000 -0001.000 00002.380 00018.359 00008.857 00006.307 00001.232 00001.007 -0001.000 -0001.000 -0001.000 -0001.000 -0001.000 -0001.000 -0001.000
