Assets/Resources/_input/Farsite/output/rox.hpa
NCOLS 201
NROWS 351
XLLCORNER -775605.000000
YLLCORNER 1857555.000000
CELLSIZE 30.000000
NODATA_VALUE -1
[rows 260 to 285 of 351, columns 60 to 119 of 201]
02479.869 02697.062 04732.861 08357.744 03291.925 01918.270 03229.205 04464.804 04623.667 01764.867 04242.185 04525.911 04417.175 -0001.000 -0001.000 -0001.000 -0001.000 -0001.000 -0001.000 -0001.000 -0001.000 -0001.000 -0001.000 -0001.000 -0001.000 -0001.000 -0001.000 -0001.000 -0001.000 -0001.000 -0001.000 -0001.000 -0001.000 -0001.000 -0001.000 -0001.000 -0001.000 -0001.000 -0001.000 -0001.000 -0001.000 -0001.000 -0001.000 02514.984 -0001.000 -0001.000 -0001.000 04743.958 04721.999 01848.124 03645.219 02431.732 02955.866 01654.061 -0001.000 -0001.000 -0001.000 -0001.000 -0001.000 -0001.000
02934.852 11304.069 08142.367 14168.499 13608.086 13544.503 07539.247 03833.537 04671.336 04005.263 02327.782 04571.395 04775.734 10471.882 05761.728 02954.472 03553.651 -0001.000 -0001.000 -0001.000 -0001.000 -0001.000 -0001.000 -0001.000 -0001.000 -0001.000 -0001.000 -0001.000 -0001.000 -0001.000 -0001.000 -0001.000 -0001.000 -0001.000 -0001.000 -0001.000 -0001.000 -0001.000 -0001.000 -0001.000 -0001.000 -0001.000 -0001.000 02503.107 02812.533 -0001.000 03643.671 04654.595 04681.802 03994.818 03669.554 03739.590 02442.248 01900.972 -0001.000 -0001.000 -0001.000 -0001.000 -0001.000 -0001.000
09024.873 12275.563 10620.442 13322.763 06815.376 02316.534 02431.191 02501.212 01994.687 04354.877 02449.501 01739.940 02570.998 04081.461 05202.793 03780.298 04544.763 -0001.000 -0001.000 -0001.000 -0001.000 -0001.000 -0001.000 -0001.000 -0001.000 -0001.000 -0001.000 -0001.000 -0001.000 -0001.000 -0001.000 -0001.000 -0001.000 -0001.000 -0001.000 -0001.000 -0001.000 -0001.000 -0001.000 -0001.000 -0001.000 -0001.000 -0001.000 02782.839 02920.439 -0001.000 03655.516 04568.802 04724.955 02697.415 00362.349 04126.512 02401.221 02085.647 -0001.000 -0001.000 -0001.000 -0001.000 -0001.000 -0001.000
11666.013 12938.591 11968.489 13996.125 02653.129 15749.849 14733.718 07649.022 04396.753 04743.156 04774.490 09815.096 03264.558 02450.739 04633.400 04648.109 04664.205 04729.318 03141.625 -0001.000 -0001.000 -0001.000 -0001.000 -0001.000 -0001.000 -0001.000 -0001.000 -0001.000 -0001.000 -0001.000 -0001.000 -0001.000 -0001.000 -0001.000 -0001.000 -0001.000 -0001.000 -0001.000 -0001.000 -0001.000 -0001.000 -0001.000 -0001.000 03294.147 03503.265 -0001.000 04692.566 04646.261 04718.483 02329.847 02496.729 03035.828 03387.604 02257.257 -0001.000 -0001.000 -0001.000 -0001.000 -0001.000 -0001.000
12076.685 13050.612 12421.618 02716.513 01781.989 16840.185 15431.681 04756.877 04749.070 04781.840 04819.156 01782.559 01777.047 04772.186 04216.446 04946.663 03855.987 04832.898 03797.861 00319.099 00240.269 -0001.000 -0001.000 -0001.000 -0001.000 -0001.000 -0001.000 -0001.000 -0001.000 -0001.000 -0001.000 -0001.000 -0001.000 -0001.000 -0001.000 -0001.000 -0001.000 -0001.000 -0001.000 -0001.000 -0001.000 -0001.000 01804.083 02671.963 04766.838 -0001.000 04774.290 04733.381 04686.509 03856.532 02491.198 02143.013 02414.037 02687.143 00833.911 -0001.000 -0001.000 -0001.000 -0001.000 -0001.000
12049.123 13094.833 12315.786 02466.349 09430.910 15710.913 12178.705 05119.409 04845.072 04846.755 04881.768 04589.702 00940.115 02562.323 05186.815 01263.370 05153.697 07663.225 02747.558 02701.521 -0001.000 -0001.000 -0001.000 -0001.000 -0001.000 -0001.000 -0001.000 -0001.000 -0001.000 -0001.000 -0001.000 -0001.000 -0001.000 -0001.000 -0001.000 -0001.000 -0001.000 -0001.000 -0001.000 -0001.000 -0001.000 -0001.000 -0001.000 02827.651 02519.992 00870.893 04724.216 04708.927 04730.584 04359.664 02488.384 02313.127 01137.293 01102.134 01007.182 -0001.000 -0001.000 -0001.000 -0001.000 -0001.000
12080.626 13046.236 13003.026 02244.864 13502.657 06773.867 05163.038 05172.272 04904.550 04915.658 04902.950 04901.984 02316.149 02535.249 02140.315 03101.264 05342.595 09507.491 -0001.000 -0001.000 -0001.000 -0001.000 -0001.000 -0001.000 -0001.000 -0001.000 -0001.000 -0001.000 -0001.000 -0001.000 -0001.000 -0001.000 -0001.000 -0001.000 -0001.000 -0001.000 -0001.000 -0001.000 -0001.000 -0001.000 -0001.000 -0001.000 -0001.000 -0001.000 -0001.000 01454.255 04583.586 03759.424 04799.626 04735.212 03804.423 02409.564 02271.310 01989.151 00391.188 -0001.000 -0001.000 -0001.000 -0001.000 -0001.000
12190.696 12360.572 13053.738 06804.450 09871.932 05253.710 05087.864 04952.650 04951.192 04929.696 04948.619 04841.290 04712.421 03864.181 01980.786 -0001.000 -0001.000 -0001.000 -0001.000 -0001.000 -0001.000 -0001.000 -0001.000 -0001.000 -0001.000 -0001.000 -0001.000 -0001.000 -0001.000 -0001.000 -0001.000 -0001.000 -0001.000 -0001.000 -0001.000 -0001.000 -0001.000 -0001.000 -0001.000 -0001.000 -0001.000 -0001.000 -0001.000 -0001.000 -0001.000 02486.315 04436.799 04743.297 04293.813 04762.588 02351.663 02522.718 02259.878 02309.658 02253.648 -0001.000 -0001.000 -0001.000 -0001.000 -0001.000
05684.188 09045.195 11247.812 03126.732 05524.174 05377.257 04957.367 04959.463 04945.518 03981.902 04820.155 04895.734 04055.987 04945.843 02227.816 -0001.000 00523.014 -0001.000 -0001.000 -0001.000 00693.198 01214.399 01263.213 01829.402 02376.136 -0001.000 -0001.000 -0001.000 -0001.000 -0001.000 -0001.000 -0001.000 -0001.000 -0001.000 -0001.000 -0001.000 -0001.000 -0001.000 -0001.000 -0001.000 -0001.000 -0001.000 -0001.000 -0001.000 -0001.000 04753.242 04740.430 04777.203 04756.024 01840.965 02494.974 02922.753 00391.814 01318.754 01189.689 -0001.000 -0001.000 -0001.000 -0001.000 -0001.000
11829.920 01811.471 02287.068 10850.514 07097.950 05371.554 04963.030 04953.575 04960.701 05783.211 04846.249 04872.621 11326.308 04668.630 01827.651 02148.908 02728.609 01375.427 -0001.000 -0001.000 01514.312 02880.743 04442.093 03848.568 04418.490 -0001.000 -0001.000 -0001.000 -0001.000 -0001.000 -0001.000 -0001.000 -0001.000 -0001.000 -0001.000 -0001.000 -0001.000 -0001.000 -0001.000 -0001.000 -0001.000 -0001.000 -0001.000 -0001.000 -0001.000 01780.272 03798.000 04828.467 04749.498 03765.058 04687.459 04900.283 02087.876 00798.139 02070.905 -0001.000 -0001.000 -0001.000 -0001.000 -0001.000
09167.906 01806.854 04448.802 05157.181 07864.735 05295.078 04962.338 04945.363 04191.407 05017.370 04868.737 12820.282 04510.925 04716.644 01860.263 02436.399 05076.647 02450.148 -0001.000 01298.775 03468.517 02754.660 04630.825 02536.698 04052.115 -0001.000 -0001.000 -0001.000 -0001.000 -0001.000 -0001.000 -0001.000 -0001.000 -0001.000 -0001.000 -0001.000 -0001.000 -0001.000 -0001.000 -0001.000 -0001.000 -0001.000 -0001.000 -0001.000 -0001.000 -0001.000 02484.174 04905.845 04744.496 04673.984 04104.660 05301.672 04745.205 02512.679 02411.139 01134.707 -0001.000 -0001.000 -0001.000 -0001.000
01791.074 11559.626 04764.539 10071.063 08563.965 05799.574 05083.155 04922.162 06447.127 05359.898 13145.008 02493.669 02195.656 01908.443 01886.945 04899.572 04456.411 01881.894 02789.546 03993.967 04487.579 04602.344 04681.652 03495.695 04588.287 -0001.000 -0001.000 -0001.000 -0001.000 -0001.000 -0001.000 -0001.000 -0001.000 -0001.000 -0001.000 -0001.000 -0001.000 -0001.000 -0001.000 -0001.000 -0001.000 -0001.000 -0001.000 -0001.000 -0001.000 -0001.000 04694.652 04820.600 04684.420 04816.230 04723.378 04975.318 04856.391 02369.596 02493.380 00636.807 -0001.000 -0001.000 -0001.000 -0001.000
03459.150 12521.162 04844.082 04726.146 04724.123 05679.179 05025.669 04608.449 04469.178 02408.127 04527.740 09008.817 03898.507 03741.951 04736.915 04912.250 03050.713 02046.157 01859.154 04609.146 04621.026 04700.810 04702.099 04641.648 04652.251 -0001.000 -0001.000 -0001.000 -0001.000 -0001.000 -0001.000 -0001.000 -0001.000 -0001.000 -0001.000 -0001.000 -0001.000 -0001.000 -0001.000 -0001.000 -0001.000 -0001.000 -0001.000 00202.910 01028.264 01037.774 -0001.000 04434.521 03562.216 04884.078 04761.430 04993.365 05087.570 02480.875 01282.453 00368.630 -0001.000 -0001.000 -0001.000 -0001.000
02651.135 05048.396 04932.226 04739.566 04535.041 04470.933 04482.337 03449.586 04418.480 04299.746 04112.595 05049.450 06388.415 04140.646 04233.508 04711.548 04539.654 04436.795 02112.795 01885.504 04001.864 04643.129 04710.880 03456.747 04628.634 -0001.000 -0001.000 -0001.000 -0001.000 -0001.000 -0001.000 -0001.000 -0001.000 -0001.000 -0001.000 -0001.000 -0001.000 -0001.000 -0001.000 -0001.000 -0001.000 -0001.000 00295.439 01754.742 01951.312 02388.580 01039.012 -0001.000 02283.759 04990.277 05016.305 04681.574 05012.305 04348.620 02412.992 02081.154 -0001.000 -0001.000 -0001.000 -0001.000
05025.762 05240.386 04857.106 04765.597 04685.081 04194.945 04201.358 04295.995 02533.443 04937.207 04866.781 05323.218 04969.448 04802.677 04891.158 04388.701 04858.605 04835.122 04878.696 04372.500 02054.310 05146.629 09456.303 04606.788 01091.385 -0001.000 -0001.000 -0001.000 -0001.000 -0001.000 -0001.000 -0001.000 -0001.000 -0001.000 -0001.000 -0001.000 -0001.000 -0001.000 -0001.000 -0001.000 -0001.000 -0001.000 02087.156 04401.625 02265.079 04701.345 04729.418 -0001.000 02507.991 01269.010 03589.846 03766.116 04854.234 04649.406 03422.336 02160.348 -0001.000 -0001.000 -0001.000 -0001.000
14169.935 04848.409 04646.346 04536.309 04570.612 04101.033 03997.365 04695.849 04132.135 04513.674 05020.192 05433.234 04957.686 04961.464 04908.536 04915.145 04744.045 04795.461 04719.836 04818.058 04801.153 12707.816 07633.099 05637.369 -0001.000 -0001.000 -0001.000 -0001.000 -0001.000 -0001.000 -0001.000 -0001.000 -0001.000 -0001.000 -0001.000 -0001.000 -0001.000 -0001.000 -0001.000 -0001.000 -0001.000 -0001.000 -0001.000 -0001.000 02163.647 03588.616 04645.355 -0001.000 04728.343 02510.544 04658.399 01170.296 04704.463 01896.125 02706.134 02468.526 -0001.000 -0001.000 -0001.000 -0001.000
11927.858 04564.227 02920.612 03111.347 04671.070 03652.011 04636.226 03512.843 06805.002 05891.059 04916.818 06176.045 04829.518 05349.259 05010.222 04914.983 01938.083 02301.830 02327.610 04851.406 03514.181 05039.138 03551.658 -0001.000 -0001.000 -0001.000 -0001.000 -0001.000 -0001.000 -0001.000 -0001.000 -0001.000 -0001.000 -0001.000 -0001.000 -0001.000 -0001.000 -0001.000 -0001.000 -0001.000 -0001.000 -0001.000 -0001.000 -0001.000 00328.621 01719.412 04622.080 -0001.000 01488.329 02463.637 11151.773 02370.047 02395.750 03756.829 01903.031 03713.668 02286.652 -0001.000 -0001.000 -0001.000
13520.081 02563.452 02397.259 02272.000 04680.347 02532.341 02103.367 02459.479 08007.285 05983.278 01862.861 07173.970 05975.957 05663.232 03819.065 02431.303 04915.629 01959.164 03505.135 04727.784 00385.903 -0001.000 -0001.000 -0001.000 -0001.000 -0001.000 -0001.000 -0001.000 -0001.000 -0001.000 -0001.000 -0001.000 -0001.000 -0001.000 -0001.000 -0001.000 -0001.000 -0001.000 -0001.000 -0001.000 -0001.000 -0001.000 -0001.000 00699.296 01808.738 04679.148 05202.075 -0001.000 -0001.000 02424.559 04410.667 02045.149 02686.133 02544.270 01876.131 -0001.000 -0001.000 -0001.000 -0001.000 -0001.000
05024.318 10398.196 02210.667 02611.969 04634.842 04659.279 02025.414 02234.554 06309.953 05392.004 01857.015 05880.606 06863.413 05103.396 05760.415 01990.849 04642.269 04906.845 04750.683 04614.658 -0001.000 -0001.000 -0001.000 -0001.000 -0001.000 -0001.000 -0001.000 -0001.000 -0001.000 -0001.000 -0001.000 -0001.000 -0001.000 -0001.000 -0001.000 -0001.000 -0001.000 -0001.000 -0001.000 -0001.000 -0001.000 -0001.000 -0001.000 -0001.000 01867.783 05046.483 05075.919 04807.876 -0001.000 02166.364 02230.679 02491.122 00572.766 02923.065 02729.708 01720.867 -0001.000 -0001.000 -0001.000 -0001.000
04690.902 03732.984 02099.975 08773.887 03821.267 04614.745 02131.925 03326.800 06216.506 04836.567 05067.781 04798.834 04534.027 02391.680 06468.353 02156.916 03718.661 04912.743 04733.544 01177.711 02808.319 -0001.000 -0001.000 -0001.000 -0001.000 -0001.000 -0001.000 -0001.000 -0001.000 -0001.000 -0001.000 -0001.000 -0001.000 -0001.000 -0001.000 -0001.000 -0001.000 -0001.000 -0001.000 -0001.000 -0001.000 -0001.000 -0001.000 -0001.000 01809.189 04905.399 04808.867 04807.904 -0001.000 01756.818 01739.028 01777.149 02898.056 02714.743 01959.203 01249.070 -0001.000 -0001.000 -0001.000 -0001.000
04897.327 04477.453 02528.002 12975.801 02210.137 04454.760 11251.255 02137.217 02248.226 02678.037 04558.062 02365.714 04788.808 04564.912 06546.758 06699.704 05482.014 04841.550 04058.236 03027.897 02799.294 -0001.000 -0001.000 -0001.000 -0001.000 -0001.000 -0001.000 -0001.000 -0001.000 -0001.000 -0001.000 -0001.000 -0001.000 -0001.000 -0001.000 -0001.000 -0001.000 -0001.000 -0001.000 -0001.000 -0001.000 -0001.000 -0001.000 -0001.000 01742.418 04734.468 04781.140 03579.714 00285.636 04069.160 01731.075 01502.838 01170.339 01184.101 00601.021 -0001.000 -0001.000 -0001.000 -0001.000 -0001.000
04640.457 08002.824 02942.093 04346.167 04474.276 04558.164 02874.814 01812.370 02107.206 02029.601 01989.097 02859.443 04784.304 04639.373 13139.122 05751.091 05162.266 04647.417 02110.144 02460.053 01411.786 -0001.000 -0001.000 -0001.000 -0001.000 -0001.000 -0001.000 -0001.000 -0001.000 -0001.000 -0001.000 -0001.000 -0001.000 -0001.000 -0001.000 -0001.000 -0001.000 -0001.000 -0001.000 -0001.000 -0001.000 -0001.000 -0001.000 -0001.000 01556.795 05397.122 11254.796 03540.970 02585.927 03900.370 02425.570 01297.689 01327.126 01348.226 01151.791 -0001.000 -0001.000 -0001.000 -0001.000 -0001.000
01895.348 05743.142 04024.603 01079.912 04404.712 04541.959 10111.472 04694.162 02761.329 02512.497 04070.293 04541.389 04872.605 05190.128 05599.722 04913.800 07491.306 04037.069 03328.453 00604.336 -0001.000 -0001.000 -0001.000 -0001.000 -0001.000 -0001.000 -0001.000 -0001.000 -0001.000 -0001.000 -0001.000 -0001.000 -0001.000 -0001.000 -0001.000 -0001.000 -0001.000 -0001.000 -0001.000 -0001.000 -0001.000 -0001.000 -0001.000 -0001.000 -0001.000 01873.271 -0001.000 02854.789 01906.801 01001.673 02061.839 01776.282 01100.134 01340.577 -0001.000 -0001.000 -0001.000 -0001.000 -0001.000 -0001.000
01863.982 13274.232 04949.104 00032.952 04287.697 04073.406 04650.192 04702.882 04154.699 03601.762 02564.734 04782.142 04931.224 04467.316 04934.592 -0001.000 -0001.000 00729.847 -0001.000 -0001.000 -0001.000 -0001.000 -0001.000 -0001.000 -0001.000 -0001.000 -0001.000 -0001.000 -0001.000 -0001.000 -0001.000 -0001.000 -0001.000 -0001.000 -0001.000 -0001.000 -0001.000 -0001.000 -0001.000 -0001.000 -0001.000 -0001.000 -0001.000 -0001.000 -0001.000 -0001.000 -0001.000 02252.284 02929.891 01863.930 01854.360 01590.372 00986.934 01257.451 -0001.000 -0001.000 -0001.000 -0001.000 -0001.000 -0001.000
01592.613 05605.162 03426.813 03628.529 04105.897 03982.539 04607.276 04414.891 04879.992 04692.190 02577.415 04736.341 05029.315 04662.783 01123.344 02111.425 -0001.000 -0001.000 -0001.000 -0001.000 -0001.000 -0001.000 -0001.000 -0001.000 -0001.000 -0001.000 -0001.000 -0001.000 -0001.000 -0001.000 -0001.000 -0001.000 -0001.000 -0001.000 -0001.000 -0001.000 -0001.000 -0001.000 -0001.000 -0001.000 12953.822 12615.187 -0001.000 -0001.000 -0001.000 -0001.000 -0001.000 01770.426 04828.977 06704.831 02153.304 00671.092 01134.705 -0001.000 -0001.000 -0001.000 -0001.000 -0001.000 -0001.000 -0001.000
01781.006 02744.842 03038.175 03098.730 03920.690 04252.031 04518.940 02670.272 04310.239 04790.475 05067.205 05192.075 04532.099 04670.312 02955.909 02169.176 -0001.000 -0001.000 -0001.000 -0001.000 -0001.000 -0001.000 -0001.000 -0001.000 -0001.000 -0001.000 -0001.000 -0001.000 -0001.000 -0001.000 -0001.000 03127.657 01470.399 02161.428 -0001.000 -0001.000 02503.885 01042.709 00922.732 -0001.000 12365.136 08556.199 04707.440 -0001.000 -0001.000 -0001.000 -0001.000 01759.054 02518.752 02375.009 05274.277 00625.917 01249.070 -0001.000 -0001.000 -0001.000 -0001.000 -0001.000 -0001.000 -0001.000
