Assets/Resources/_input/Farsite/output/rox.toa
NCOLS 201
NROWS 351
XLLCORNER -775605.000000
YLLCORNER 1857555.000000
CELLSIZE 30.000000
NODATA_VALUE -1
[rows 52 to 77 of 351, columns 120 to 179 of 201]
-0001.000 -0001.000 -0001.000 -0001.000 00014.421 00014.027 00013.782 00013.623 00013.505 00013.404 00013.324 00013.247 00013.227 00013.254 00013.200 00012.978 00012.875 00012.790 00012.733 00012.676 00012.681 00012.689 00012.918 00013.137 00013.170 00013.188 00012.998 00012.842 00012.491 00012.264 00012.323 00012.379 00012.461 00012.568 00012.616 00012.684 00012.701 00012.738 00012.796 00012.865 00012.949 00013.048 00013.204 00013.885 -0001.000 -0001.000 -0001.000 -0001.000 -0001.000 -0001.000 -0001.000 -0001.000 -0001.000 -0001.000 -0001.000 -0001.000 -0001.000 -0001.000 -0001.000 -0001.000
-0001.000 -0001.000 -0001.000 -0001.000 00014.793 00014.116 00013.796 00013.619 00013.481 00013.350 00013.243 00013.177 00013.142 00013.170 00013.090 00012.906 00012.802 00012.706 00012.645 00012.583 00012.586 00012.593 00012.730 00012.944 00012.951 00012.966 00012.805 00012.646 00012.374 00012.179 00012.243 00012.300 00012.403 00012.521 00012.549 00012.615 00012.625 00012.679 00012.742 00012.820 00012.900 00012.991 00013.178 00013.411 -0001.000 -0001.000 -0001.000 -0001.000 -0001.000 -0001.000 -0001.000 -0001.000 -0001.000 -0001.000 -0001.000 -0001.000 -0001.000 -0001.000 -0001.000 -0001.000
-0001.000 -0001.000 -0001.000 -0001.000 00014.859 00014.346 00013.946 00013.662 00013.474 00013.325 00013.197 00013.134 00013.083 00013.086 00013.030 00012.855 00012.735 00012.639 00012.565 00012.497 00012.493 00012.500 00012.542 00012.718 00012.733 00012.744 00012.609 00012.445 00012.231 00012.094 00012.174 00012.247 00012.344 00012.509 00012.485 00012.541 00012.552 00012.621 00012.695 00012.774 00012.853 00013.006 00013.171 00013.451 00013.870 00013.936 -0001.000 -0001.000 -0001.000 -0001.000 -0001.000 -0001.000 -0001.000 -0001.000 -0001.000 -0001.000 -0001.000 -0001.000 -0001.000 -0001.000
-0001.000 -0001.000 -0001.000 -0001.000 -0001.000 00014.490 00014.154 00013.840 00013.546 00013.334 00013.200 00013.094 00013.030 00013.002 00013.014 00012.824 00012.668 00012.572 00012.488 00012.419 00012.404 00012.407 00012.395 00012.497 00012.518 00012.528 00012.416 00012.246 00012.080 00012.017 00012.102 00012.214 00012.360 00012.450 00012.431 00012.477 00012.500 00012.567 00012.655 00012.730 00012.871 00013.068 00013.303 00013.618 00013.672 00013.746 -0001.000 -0001.000 -0001.000 -0001.000 -0001.000 -0001.000 -0001.000 -0001.000 -0001.000 -0001.000 -0001.000 -0001.000 -0001.000 -0001.000
-0001.000 -0001.000 -0001.000 -0001.000 -0001.000 00015.017 00014.119 00013.914 00013.724 00013.427 00013.214 00013.066 00012.992 00012.932 00012.919 00012.793 00012.620 00012.505 00012.414 00012.345 00012.320 00012.320 00012.269 00012.284 00012.304 00012.314 00012.222 00012.049 00011.942 00011.944 00012.042 00012.202 00012.275 00012.414 00012.381 00012.421 00012.462 00012.539 00012.623 00012.756 00012.940 00013.220 00013.465 00013.504 00013.575 00013.660 00013.755 -0001.000 -0001.000 -0001.000 -0001.000 -0001.000 -0001.000 -0001.000 -0001.000 -0001.000 -0001.000 -0001.000 -0001.000 -0001.000
-0001.000 -0001.000 -0001.000 -0001.000 -0001.000 00014.567 00014.104 00013.896 00013.724 00013.525 00013.285 00013.073 00012.956 00012.894 00012.850 00012.758 00012.594 00012.438 00012.346 00012.272 00012.239 00012.237 00012.167 00012.130 00012.090 00012.102 00012.059 00011.857 00011.850 00011.897 00012.022 00012.232 00012.253 00012.379 00012.357 00012.369 00012.437 00012.520 00012.637 00012.847 00013.118 00013.353 00013.380 00013.412 00013.492 00013.579 00013.671 00013.848 00014.003 -0001.000 -0001.000 -0001.000 -0001.000 -0001.000 -0001.000 -0001.000 -0001.000 -0001.000 -0001.000 -0001.000
-0001.000 -0001.000 -0001.000 -0001.000 -0001.000 00014.607 00014.120 00013.876 00013.688 00013.510 00013.312 00013.086 00012.931 00012.857 00012.798 00012.743 00012.571 00012.388 00012.279 00012.200 00012.160 00012.159 00012.086 00012.016 00011.936 00011.942 00011.909 00011.754 00011.786 00011.862 00012.007 00012.133 00012.223 00012.309 00012.327 00012.328 00012.423 00012.539 00012.702 00012.946 00013.195 00013.300 00013.315 00013.343 00013.412 00013.499 00013.614 00013.776 00013.904 -0001.000 -0001.000 -0001.000 -0001.000 -0001.000 -0001.000 -0001.000 -0001.000 -0001.000 -0001.000 -0001.000
-0001.000 -0001.000 -0001.000 -0001.000 -0001.000 -0001.000 00014.355 00013.847 00013.648 00013.465 00013.296 00013.102 00012.924 00012.813 00012.742 00012.660 00012.597 00012.367 00012.212 00012.129 00012.086 00012.097 00012.065 00011.946 00011.857 00011.848 00011.776 00011.708 00011.749 00011.811 00011.997 00012.037 00012.193 00012.239 00012.281 00012.326 00012.452 00012.593 00012.792 00013.055 00013.296 00013.240 00013.243 00013.272 00013.343 00013.418 00013.568 00013.729 00013.808 -0001.000 -0001.000 -0001.000 -0001.000 -0001.000 -0001.000 -0001.000 -0001.000 -0001.000 -0001.000 -0001.000
-0001.000 -0001.000 -0001.000 -0001.000 -0001.000 -0001.000 -0001.000 00013.816 00013.615 00013.425 00013.249 00013.083 00012.913 00012.757 00012.668 00012.583 00012.582 00012.384 00012.151 00012.058 00012.005 00012.019 00012.038 00011.905 00011.818 00011.778 00011.715 00011.665 00011.710 00011.796 00011.938 00011.946 00012.098 00012.168 00012.234 00012.325 00012.658 00012.857 00012.964 00013.196 00013.248 00013.182 00013.170 00013.193 00013.269 00013.360 00013.524 00013.663 00013.718 -0001.000 -0001.000 00014.126 00014.341 -0001.000 -0001.000 -0001.000 -0001.000 -0001.000 -0001.000 -0001.000
-0001.000 -0001.000 -0001.000 -0001.000 -0001.000 00015.457 00014.445 00013.793 00013.585 00013.389 00013.209 00013.040 00012.875 00012.715 00012.606 00012.509 00012.454 00012.388 00012.121 00012.012 00011.960 00011.968 00011.989 00011.899 00011.787 00011.728 00011.672 00011.618 00011.667 00011.783 00011.836 00011.877 00011.998 00012.174 00012.179 00012.308 00012.673 00012.972 00013.198 00013.331 00013.215 00013.132 00013.098 00013.114 00013.200 00013.324 00013.474 00013.597 00013.653 -0001.000 00014.072 00014.044 00014.195 00014.389 -0001.000 -0001.000 -0001.000 -0001.000 -0001.000 -0001.000
-0001.000 -0001.000 -0001.000 -0001.000 -0001.000 00014.990 00014.237 00013.771 00013.559 00013.360 00013.172 00012.999 00012.835 00012.675 00012.538 00012.435 00012.345 00012.261 00012.154 00011.987 00011.915 00011.916 00011.920 00011.877 00011.757 00011.682 00011.608 00011.563 00011.628 00011.722 00011.737 00011.808 00011.959 00012.080 00012.033 00012.234 00012.540 00012.810 00013.308 00013.244 00013.172 00013.084 00013.045 00013.062 00013.137 00013.285 00013.439 00013.555 00013.603 00013.714 00013.904 00014.036 00014.171 00014.337 -0001.000 -0001.000 -0001.000 -0001.000 -0001.000 -0001.000
-0001.000 -0001.000 -0001.000 -0001.000 -0001.000 00015.432 00014.150 00013.759 00013.537 00013.334 00013.142 00012.961 00012.795 00012.635 00012.488 00012.363 00012.267 00012.186 00012.108 00011.981 00011.881 00011.857 00011.839 00011.803 00011.724 00011.639 00011.564 00011.510 00011.569 00011.632 00011.635 00011.741 00012.015 00012.003 00011.939 00012.089 00012.373 00012.897 00013.226 00013.152 00013.151 00013.033 00012.995 00013.022 00013.109 00013.250 00013.415 00013.559 00013.575 00013.691 00013.867 00014.031 00014.211 00014.565 -0001.000 -0001.000 -0001.000 -0001.000 -0001.000 -0001.000
-0001.000 -0001.000 -0001.000 -0001.000 -0001.000 00015.845 00014.145 00013.752 00013.524 00013.310 00013.115 00012.931 00012.756 00012.595 00012.440 00012.298 00012.200 00012.112 00012.033 00011.942 00011.839 00011.794 00011.759 00011.733 00011.666 00011.603 00011.514 00011.452 00011.492 00011.539 00011.545 00011.659 00011.924 00011.929 00011.879 00011.990 00012.408 00013.086 00013.143 00013.060 00013.168 00012.989 00012.950 00012.989 00013.089 00013.224 00013.402 00013.486 00013.549 00013.700 00013.923 00014.112 00014.335 -0001.000 -0001.000 -0001.000 -0001.000 -0001.000 -0001.000 -0001.000
-0001.000 -0001.000 -0001.000 -0001.000 -0001.000 00015.861 00014.160 00013.754 00013.515 00013.296 00013.089 00012.901 00012.724 00012.556 00012.399 00012.265 00012.148 00012.036 00011.958 00011.876 00011.781 00011.713 00011.678 00011.655 00011.589 00011.537 00011.459 00011.388 00011.437 00011.468 00011.490 00011.597 00011.734 00011.798 00011.835 00012.005 00012.570 00012.982 00013.059 00012.992 00013.096 00012.952 00012.904 00012.962 00013.064 00013.202 00013.403 00013.414 00013.558 00013.775 00014.033 00014.248 -0001.000 -0001.000 -0001.000 -0001.000 -0001.000 -0001.000 -0001.000 -0001.000
-0001.000 -0001.000 -0001.000 -0001.000 -0001.000 -0001.000 00014.632 00013.763 00013.517 00013.286 00013.074 00012.875 00012.693 00012.522 00012.361 00012.226 00012.095 00011.968 00011.881 00011.805 00011.711 00011.629 00011.594 00011.570 00011.510 00011.455 00011.387 00011.333 00011.385 00011.410 00011.442 00011.522 00011.658 00011.694 00011.792 00012.096 00012.515 00012.801 00012.925 00012.927 00013.094 00012.920 00012.850 00012.965 00013.072 00013.206 00013.325 00013.428 -0001.000 -0001.000 -0001.000 -0001.000 -0001.000 -0001.000 -0001.000 -0001.000 -0001.000 -0001.000 -0001.000 -0001.000
-0001.000 -0001.000 -0001.000 -0001.000 -0001.000 -0001.000 -0001.000 00013.792 00013.525 00013.288 00013.065 00012.858 00012.667 00012.491 00012.324 00012.179 00012.042 00011.915 00011.803 00011.727 00011.641 00011.542 00011.509 00011.484 00011.430 00011.372 00011.314 00011.276 00011.326 00011.348 00011.398 00011.460 00011.596 00011.604 00011.695 00011.991 00012.437 00012.702 00012.728 00012.776 00012.946 00012.845 00012.794 00013.001 00013.073 00013.212 00013.339 00013.473 -0001.000 -0001.000 -0001.000 -0001.000 -0001.000 -0001.000 -0001.000 -0001.000 -0001.000 -0001.000 -0001.000 -0001.000
-0001.000 -0001.000 -0001.000 -0001.000 -0001.000 -0001.000 -0001.000 00013.804 00013.539 00013.296 00013.065 00012.850 00012.650 00012.464 00012.293 00012.131 00011.994 00011.861 00011.730 00011.650 00011.571 00011.468 00011.421 00011.396 00011.348 00011.291 00011.249 00011.218 00011.252 00011.287 00011.356 00011.442 00011.541 00011.546 00011.625 00011.971 00012.361 00012.487 00012.510 00012.578 00012.723 00012.680 00012.731 00012.979 00013.095 00013.254 00013.420 00013.596 -0001.000 -0001.000 -0001.000 -0001.000 -0001.000 -0001.000 -0001.000 -0001.000 -0001.000 -0001.000 -0001.000 -0001.000
-0001.000 -0001.000 -0001.000 -0001.000 00021.708 00016.459 00014.152 00013.835 00013.554 00013.308 00013.072 00012.846 00012.639 00012.444 00012.265 00012.100 00011.946 00011.809 00011.677 00011.571 00011.496 00011.397 00011.339 00011.308 00011.266 00011.208 00011.172 00011.158 00011.198 00011.245 00011.316 00011.463 00011.484 00011.498 00011.601 00012.135 00012.246 00012.290 00012.386 00012.439 00012.520 00012.534 00012.647 00012.817 00013.085 00013.462 00013.644 00013.823 -0001.000 -0001.000 -0001.000 -0001.000 -0001.000 -0001.000 -0001.000 -0001.000 -0001.000 -0001.000 -0001.000 -0001.000
-0001.000 -0001.000 -0001.000 -0001.000 00017.923 00014.986 00014.197 00013.879 00013.592 00013.326 00013.082 00012.852 00012.630 00012.430 00012.242 00012.070 00011.908 00011.761 00011.624 00011.493 00011.419 00011.334 00011.270 00011.225 00011.181 00011.121 00011.093 00011.087 00011.131 00011.203 00011.326 00011.420 00011.426 00011.453 00011.629 00011.932 00012.087 00012.083 00012.187 00012.294 00012.369 00012.405 00012.586 00012.723 00013.057 00014.352 00014.828 -0001.000 -0001.000 -0001.000 -0001.000 -0001.000 -0001.000 -0001.000 -0001.000 -0001.000 -0001.000 -0001.000 -0001.000 -0001.000
-0001.000 -0001.000 -0001.000 -0001.000 -0001.000 00014.793 00014.265 00013.936 00013.636 00013.364 00013.104 00012.860 00012.637 00012.418 00012.225 00012.045 00011.879 00011.716 00011.575 00011.438 00011.366 00011.264 00011.203 00011.150 00011.095 00011.030 00011.001 00010.999 00011.045 00011.138 00011.314 00011.349 00011.350 00011.398 00011.529 00011.797 00011.951 00011.976 00011.997 00012.086 00012.239 00012.356 00012.510 00012.655 00013.163 -0001.000 -0001.000 -0001.000 -0001.000 -0001.000 -0001.000 -0001.000 -0001.000 -0001.000 -0001.000 -0001.000 -0001.000 -0001.000 -0001.000 -0001.000
-0001.000 -0001.000 -0001.000 -0001.000 00022.818 00017.328 00014.642 00014.075 00013.693 00013.410 00013.138 00012.886 00012.645 00012.427 00012.213 00012.028 00011.852 00011.688 00011.529 00011.401 00011.315 00011.202 00011.124 00011.064 00011.008 00010.941 00010.904 00010.906 00010.953 00010.992 00011.109 00011.178 00011.242 00011.334 00011.468 00011.651 00011.775 00011.872 00011.893 00012.025 00012.157 00012.363 00012.467 00012.630 -0001.000 -0001.000 -0001.000 -0001.000 -0001.000 -0001.000 -0001.000 -0001.000 -0001.000 -0001.000 -0001.000 -0001.000 -0001.000 -0001.000 -0001.000 -0001.000
-0001.000 -0001.000 -0001.000 -0001.000 -0001.000 00018.343 00014.529 00014.261 00013.767 00013.470 00013.188 00012.923 00012.674 00012.440 00012.222 00012.016 00011.834 00011.659 00011.496 00011.356 00011.253 00011.137 00011.037 00010.977 00010.919 00010.855 00010.811 00010.815 00010.862 00010.894 00010.960 00011.058 00011.163 00011.319 00011.416 00011.524 00011.594 00011.747 00011.846 00011.995 00012.174 00012.302 00012.426 00012.611 -0001.000 -0001.000 -0001.000 -0001.000 -0001.000 -0001.000 -0001.000 -0001.000 -0001.000 -0001.000 -0001.000 -0001.000 -0001.000 -0001.000 -0001.000 -0001.000
-0001.000 -0001.000 -0001.000 -0001.000 -0001.000 -0001.000 00016.645 00014.204 00013.843 00013.541 00013.250 00012.975 00012.716 00012.469 00012.241 00012.026 00011.823 00011.641 00011.469 00011.302 00011.187 00011.073 00010.951 00010.891 00010.833 00010.776 00010.736 00010.738 00010.777 00010.810 00010.910 00011.028 00011.158 00011.304 00011.394 00011.476 00011.554 00011.674 00011.815 00011.978 00012.161 00012.247 00012.382 00012.681 -0001.000 -0001.000 -0001.000 -0001.000 -0001.000 -0001.000 -0001.000 -0001.000 -0001.000 -0001.000 -0001.000 -0001.000 -0001.000 -0001.000 -0001.000 -0001.000
-0001.000 -0001.000 -0001.000 -0001.000 -0001.000 -0001.000 -0001.000 00014.417 00014.011 00013.670 00013.341 00013.033 00012.767 00012.515 00012.275 00012.052 00011.835 00011.630 00011.448 00011.275 00011.119 00011.008 00010.881 00010.806 00010.749 00010.701 00010.664 00010.673 00010.711 00010.777 00010.890 00011.025 00011.120 00011.265 00011.394 00011.434 00011.525 00011.650 00011.795 00011.958 00012.089 00012.206 00012.366 00012.659 -0001.000 -0001.000 -0001.000 -0001.000 -0001.000 -0001.000 -0001.000 -0001.000 -0001.000 -0001.000 -0001.000 -0001.000 -0001.000 -0001.000 -0001.000 -0001.000
-0001.000 -0001.000 -0001.000 -0001.000 -0001.000 -0001.000 -0001.000 -0001.000 00014.910 00013.844 00013.506 00013.184 00012.878 00012.585 00012.317 00012.085 00011.862 00011.645 00011.436 00011.252 00011.072 00010.938 00010.814 00010.716 00010.664 00010.621 00010.586 00010.605 00010.649 00010.749 00010.886 00010.978 00011.100 00011.225 00011.311 00011.381 00011.491 00011.630 00011.779 00011.934 00012.043 00012.177 00012.339 00012.729 -0001.000 -0001.000 -0001.000 -0001.000 -0001.000 -0001.000 -0001.000 -0001.000 -0001.000 -0001.000 -0001.000 -0001.000 -0001.000 -0001.000 -0001.000 -0001.000
-0001.000 -0001.000 -0001.000 -0001.000 -0001.000 -0001.000 -0001.000 -0001.000 -0001.000 00016.939 00013.699 00013.358 00013.041 00012.742 00012.460 00012.186 00011.916 00011.667 00011.448 00011.239 00011.051 00010.878 00010.749 00010.623 00010.575 00010.531 00010.495 00010.527 00010.589 00010.725 00010.857 00010.956 00011.033 00011.183 00011.218 00011.313 00011.450 00011.602 00011.764 00011.878 00012.013 00012.151 00012.446 00012.651 00012.894 -0001.000 -0001.000 -0001.000 -0001.000 -0001.000 -0001.000 -0001.000 -0001.000 -0001.000 -0001.000 -0001.000 -0001.000 -0001.000 -0001.000 -0001.000
