Assets/Resources/_input/Farsite/output/rox.rci
NCOLS 201
NROWS 351
XLLCORNER -775605.000000
YLLCORNER 1857555.000000
CELLSIZE 30.000000
NODATA_VALUE -1
[rows 260 to 285 of 351, columns 60 to 119 of 201]
00165.761 00086.776 00934.505 00814.742 00881.635 00588.699 00291.496 00488.501 00641.468 00200.697 00241.014 00327.780 00551.871 -0001.000 -0001.000 -0001.000 -0001.000 -0001.000 -0001.000 -0001.000 -0001.000 -0001.000 -0001.000 -0001.000 -0001.000 -0001.000 -0001.000 -0001.000 -0001.000 -0001.000 -0001.000 -0001.000 -0001.000 -0001.000 -0001.000 -0001.000 -0001.000 -0001.000 -0001.000 -0001.000 -0001.000 -0001.000 -0001.000 00209.253 -0001.000 -0001.000 -0001.000 00845.409 00821.639 00831.288 00382.531 00693.456 00691.792 00467.257 -0001.000 -0001.000 -0001.000 -0001.000 -0001.000 -0001.000
00086.593 00890.052 00621.197 00868.564 00869.237 00786.435 00822.406 00237.679 00464.757 00401.238 00383.033 00577.811 00499.601 00849.986 00899.912 00317.500 00485.397 -0001.000 -0001.000 -0001.000 -0001.000 -0001.000 -0001.000 -0001.000 -0001.000 -0001.000 -0001.000 -0001.000 -0001.000 -0001.000 -0001.000 -0001.000 -0001.000 -0001.000 -0001.000 -0001.000 -0001.000 -0001.000 -0001.000 -0001.000 -0001.000 -0001.000 -0001.000 00186.948 00287.167 -0001.000 00731.663 00554.528 00595.758 00443.532 00731.768 00695.355 00330.199 00422.443 -0001.000 -0001.000 -0001.000 -0001.000 -0001.000 -0001.000
00218.283 00936.065 00887.493 00750.287 00237.754 00840.649 00455.613 00235.731 00477.055 00274.449 00727.346 00142.497 00745.079 00470.216 00880.962 00571.738 00872.991 -0001.000 -0001.000 -0001.000 -0001.000 -0001.000 -0001.000 -0001.000 -0001.000 -0001.000 -0001.000 -0001.000 -0001.000 -0001.000 -0001.000 -0001.000 -0001.000 -0001.000 -0001.000 -0001.000 -0001.000 -0001.000 -0001.000 -0001.000 -0001.000 -0001.000 -0001.000 00223.506 00308.156 -0001.000 00764.917 00798.023 00768.873 00405.489 00287.205 00722.349 00273.292 00209.280 -0001.000 -0001.000 -0001.000 -0001.000 -0001.000 -0001.000
00345.495 00948.203 00912.914 00660.274 00807.178 00936.628 00818.666 00667.301 00228.813 00580.648 00615.721 00141.994 00622.630 00487.498 00811.347 00680.707 00606.958 00571.299 00161.997 -0001.000 -0001.000 -0001.000 -0001.000 -0001.000 -0001.000 -0001.000 -0001.000 -0001.000 -0001.000 -0001.000 -0001.000 -0001.000 -0001.000 -0001.000 -0001.000 -0001.000 -0001.000 -0001.000 -0001.000 -0001.000 -0001.000 -0001.000 -0001.000 00550.327 00616.073 -0001.000 00516.080 00541.640 00362.516 00209.723 00498.331 00356.814 00732.926 00608.442 -0001.000 -0001.000 -0001.000 -0001.000 -0001.000 -0001.000
00768.778 00950.938 00910.422 00795.169 00515.229 00825.910 00948.905 00372.657 00492.920 00499.973 00773.359 00268.097 00688.322 00476.769 00183.374 00512.475 00770.557 00714.255 00482.119 00125.652 00048.613 -0001.000 -0001.000 -0001.000 -0001.000 -0001.000 -0001.000 -0001.000 -0001.000 -0001.000 -0001.000 -0001.000 -0001.000 -0001.000 -0001.000 -0001.000 -0001.000 -0001.000 -0001.000 -0001.000 -0001.000 -0001.000 00231.212 00458.432 00469.936 -0001.000 00695.220 00742.182 00394.970 00537.595 00226.589 00831.914 00740.593 00663.382 00264.814 -0001.000 -0001.000 -0001.000 -0001.000 -0001.000
00923.351 00896.754 00918.600 00257.388 00430.361 00710.425 00957.651 00760.295 00564.566 00604.489 00659.742 00263.364 00821.683 00295.988 00679.369 00829.673 00787.282 00823.752 00222.819 00684.599 -0001.000 -0001.000 -0001.000 -0001.000 -0001.000 -0001.000 -0001.000 -0001.000 -0001.000 -0001.000 -0001.000 -0001.000 -0001.000 -0001.000 -0001.000 -0001.000 -0001.000 -0001.000 -0001.000 -0001.000 -0001.000 -0001.000 -0001.000 00608.348 00723.208 00473.781 00624.835 00323.865 00834.430 00460.464 00208.654 00371.875 00438.420 00179.011 00209.017 -0001.000 -0001.000 -0001.000 -0001.000 -0001.000
00929.831 00942.565 00945.491 00384.007 01001.411 00860.175 00554.656 00741.528 00682.115 00356.583 00593.008 00753.702 00541.660 00530.024 00778.190 00893.675 00890.217 00875.025 -0001.000 -0001.000 -0001.000 -0001.000 -0001.000 -0001.000 -0001.000 -0001.000 -0001.000 -0001.000 -0001.000 -0001.000 -0001.000 -0001.000 -0001.000 -0001.000 -0001.000 -0001.000 -0001.000 -0001.000 -0001.000 -0001.000 -0001.000 -0001.000 -0001.000 -0001.000 -0001.000 00339.327 00567.207 00843.587 00325.789 00794.753 00204.334 00315.706 00637.581 00297.754 00138.029 -0001.000 -0001.000 -0001.000 -0001.000 -0001.000
00934.043 00919.169 00938.729 00319.607 00271.321 00443.518 00427.886 00341.019 00381.867 00705.576 00591.217 00686.153 00510.246 00408.014 00642.662 -0001.000 -0001.000 -0001.000 -0001.000 -0001.000 -0001.000 -0001.000 -0001.000 -0001.000 -0001.000 -0001.000 -0001.000 -0001.000 -0001.000 -0001.000 -0001.000 -0001.000 -0001.000 -0001.000 -0001.000 -0001.000 -0001.000 -0001.000 -0001.000 -0001.000 -0001.000 -0001.000 -0001.000 -0001.000 -0001.000 00438.347 00654.116 00682.152 00689.251 00345.269 00371.642 00733.732 00196.180 00443.948 00266.934 -0001.000 -0001.000 -0001.000 -0001.000 -0001.000
00181.530 00452.864 00870.607 00643.140 00568.896 00391.258 00418.539 00426.516 00489.674 00751.591 00642.043 00682.731 00655.791 00835.470 00241.024 -0001.000 00000.000 -0001.000 -0001.000 -0001.000 00126.987 00301.603 00854.917 00782.445 00542.441 -0001.000 -0001.000 -0001.000 -0001.000 -0001.000 -0001.000 -0001.000 -0001.000 -0001.000 -0001.000 -0001.000 -0001.000 -0001.000 -0001.000 -0001.000 -0001.000 -0001.000 -0001.000 -0001.000 -0001.000 00727.683 00751.009 00910.774 00618.673 00430.660 00343.130 00557.946 00091.552 00342.253 00415.515 -0001.000 -0001.000 -0001.000 -0001.000 -0001.000
00937.540 00738.564 00169.602 00839.717 00536.880 00409.847 00429.729 00530.310 00616.573 00446.196 00339.342 00678.917 00541.270 00471.917 00811.281 00254.946 00594.454 00325.672 -0001.000 -0001.000 00240.243 00260.238 00776.705 00569.122 00816.411 -0001.000 -0001.000 -0001.000 -0001.000 -0001.000 -0001.000 -0001.000 -0001.000 -0001.000 -0001.000 -0001.000 -0001.000 -0001.000 -0001.000 -0001.000 -0001.000 -0001.000 -0001.000 -0001.000 -0001.000 00332.809 00197.235 00789.431 00507.215 00631.933 00592.480 00813.502 00643.477 00717.403 00261.309 -0001.000 -0001.000 -0001.000 -0001.000 -0001.000
00415.701 00208.833 00277.715 00475.256 00667.583 00593.647 00445.757 00495.636 00610.833 00442.098 00732.837 00797.958 00210.256 00714.297 00883.088 00560.357 00798.633 00765.548 -0001.000 00124.055 00684.874 00258.746 00875.201 00199.044 00568.023 -0001.000 -0001.000 -0001.000 -0001.000 -0001.000 -0001.000 -0001.000 -0001.000 -0001.000 -0001.000 -0001.000 -0001.000 -0001.000 -0001.000 -0001.000 -0001.000 -0001.000 -0001.000 -0001.000 -0001.000 -0001.000 00588.273 00705.241 00687.248 00413.086 00232.890 00764.026 00733.779 00642.573 00190.307 00140.846 -0001.000 -0001.000 -0001.000 -0001.000
00148.146 00644.837 00309.580 00303.838 00523.912 00697.093 00473.430 00563.474 00418.726 00730.769 00924.954 00192.408 00683.599 00507.885 00483.780 00653.276 00752.353 00723.840 00393.621 00718.828 00544.610 00867.150 00524.324 00410.080 00834.805 -0001.000 -0001.000 -0001.000 -0001.000 -0001.000 -0001.000 -0001.000 -0001.000 -0001.000 -0001.000 -0001.000 -0001.000 -0001.000 -0001.000 -0001.000 -0001.000 -0001.000 -0001.000 -0001.000 -0001.000 -0001.000 00408.104 00606.718 00953.999 00440.869 00410.136 00495.618 00340.053 00278.773 00231.744 00069.955 -0001.000 -0001.000 -0001.000 -0001.000
00486.967 00352.644 00316.223 00306.189 00299.818 00623.451 00574.684 00460.514 00684.503 00495.885 00473.266 00846.525 00793.759 00399.779 00454.004 00461.285 00833.504 00389.434 00152.394 00767.933 00843.336 00860.012 00617.862 00806.740 00793.395 -0001.000 -0001.000 -0001.000 -0001.000 -0001.000 -0001.000 -0001.000 -0001.000 -0001.000 -0001.000 -0001.000 -0001.000 -0001.000 -0001.000 -0001.000 -0001.000 -0001.000 -0001.000 00000.000 00115.352 00241.313 -0001.000 00570.384 00182.350 00445.791 00364.001 00636.120 00709.668 00353.700 00345.151 00336.947 -0001.000 -0001.000 -0001.000 -0001.000
00302.867 00332.939 00331.912 00302.378 00302.450 00335.510 00390.918 00540.156 00384.609 00433.585 00331.491 00392.344 00850.070 00518.153 00476.191 00527.874 00608.351 00469.472 00736.962 00152.930 00308.846 00726.041 00877.011 00775.675 00237.554 -0001.000 -0001.000 -0001.000 -0001.000 -0001.000 -0001.000 -0001.000 -0001.000 -0001.000 -0001.000 -0001.000 -0001.000 -0001.000 -0001.000 -0001.000 -0001.000 -0001.000 00104.876 00305.770 00786.876 00568.296 00249.954 -0001.000 00708.353 00657.642 00604.769 00373.843 00584.351 00488.470 00237.605 00263.883 -0001.000 -0001.000 -0001.000 -0001.000
00565.361 00377.068 00323.511 00314.104 00297.296 00424.949 00444.072 00253.594 00608.216 00466.762 00390.423 00836.312 00517.463 00458.390 00409.480 00226.336 00612.307 00433.514 00568.456 00624.523 00813.042 00465.286 00750.241 00328.540 00229.239 -0001.000 -0001.000 -0001.000 -0001.000 -0001.000 -0001.000 -0001.000 -0001.000 -0001.000 -0001.000 -0001.000 -0001.000 -0001.000 -0001.000 -0001.000 -0001.000 -0001.000 00425.412 00562.009 00415.327 00350.546 00795.747 -0001.000 00210.069 00660.451 00410.118 00227.162 00553.484 00498.660 00646.260 00291.361 -0001.000 -0001.000 -0001.000 -0001.000
00932.994 00346.906 00315.258 00237.660 00295.855 00303.713 00445.090 00497.719 00664.918 00734.637 00473.221 00699.458 00540.482 00459.425 00589.831 00379.569 00645.602 00741.294 00154.925 00761.346 00591.643 00899.862 00937.445 00838.224 -0001.000 -0001.000 -0001.000 -0001.000 -0001.000 -0001.000 -0001.000 -0001.000 -0001.000 -0001.000 -0001.000 -0001.000 -0001.000 -0001.000 -0001.000 -0001.000 -0001.000 -0001.000 -0001.000 -0001.000 00241.248 00236.303 00732.589 -0001.000 00604.517 00757.185 00897.001 00453.803 00508.716 00205.267 00734.405 00538.122 -0001.000 -0001.000 -0001.000 -0001.000
00887.564 00905.425 00218.224 00178.446 00308.863 00268.059 00334.548 00733.454 00380.269 00164.499 00154.972 00746.060 00511.044 00435.279 00355.772 00754.992 00207.522 00174.971 00154.090 00610.654 00842.765 00910.217 00496.422 -0001.000 -0001.000 -0001.000 -0001.000 -0001.000 -0001.000 -0001.000 -0001.000 -0001.000 -0001.000 -0001.000 -0001.000 -0001.000 -0001.000 -0001.000 -0001.000 -0001.000 -0001.000 -0001.000 -0001.000 -0001.000 00000.000 00159.016 00764.292 -0001.000 00185.994 00442.544 00778.415 00506.373 00228.628 00585.245 00156.028 00425.032 00078.096 -0001.000 -0001.000 -0001.000
00672.084 00868.735 00790.639 00610.885 00406.624 00190.627 00172.446 00173.524 00165.337 00235.674 00157.412 00668.754 00440.914 00556.084 00733.474 00155.214 00719.998 00341.136 00229.268 00707.827 00739.765 -0001.000 -0001.000 -0001.000 -0001.000 -0001.000 -0001.000 -0001.000 -0001.000 -0001.000 -0001.000 -0001.000 -0001.000 -0001.000 -0001.000 -0001.000 -0001.000 -0001.000 -0001.000 -0001.000 -0001.000 -0001.000 -0001.000 00051.817 00864.484 00686.868 00893.865 -0001.000 -0001.000 00454.338 00332.348 00289.830 00458.978 00187.358 00153.913 -0001.000 -0001.000 -0001.000 -0001.000 -0001.000
00198.216 00735.304 00253.574 00543.100 00371.023 00366.066 00165.505 00159.299 00193.756 00300.705 00152.709 00404.350 00682.529 00603.885 00540.941 00162.127 00413.014 00533.872 00645.478 00777.067 -0001.000 -0001.000 -0001.000 -0001.000 -0001.000 -0001.000 -0001.000 -0001.000 -0001.000 -0001.000 -0001.000 -0001.000 -0001.000 -0001.000 -0001.000 -0001.000 -0001.000 -0001.000 -0001.000 -0001.000 -0001.000 -0001.000 -0001.000 -0001.000 00246.786 00759.457 00934.178 00331.601 -0001.000 00648.347 00168.528 00152.234 00249.337 00381.818 00203.660 00139.438 -0001.000 -0001.000 -0001.000 -0001.000
00280.327 00383.708 00164.996 00547.361 00230.763 00363.920 00276.366 00152.806 00167.862 00156.024 00182.978 00292.505 00481.141 00483.138 00597.730 00357.623 00243.593 00729.077 00753.431 00368.993 00863.206 -0001.000 -0001.000 -0001.000 -0001.000 -0001.000 -0001.000 -0001.000 -0001.000 -0001.000 -0001.000 -0001.000 -0001.000 -0001.000 -0001.000 -0001.000 -0001.000 -0001.000 -0001.000 -0001.000 -0001.000 -0001.000 -0001.000 -0001.000 00512.281 00506.830 00326.816 00141.366 -0001.000 00095.042 00331.948 00547.361 00373.147 00204.609 00229.860 00102.003 -0001.000 -0001.000 -0001.000 -0001.000
00289.996 00231.365 00223.401 00896.581 00138.906 00263.591 00491.321 00155.749 00165.594 00152.773 00209.725 00669.319 00537.638 00467.849 00681.310 00906.041 00841.247 00526.445 00701.204 00864.108 00302.843 -0001.000 -0001.000 -0001.000 -0001.000 -0001.000 -0001.000 -0001.000 -0001.000 -0001.000 -0001.000 -0001.000 -0001.000 -0001.000 -0001.000 -0001.000 -0001.000 -0001.000 -0001.000 -0001.000 -0001.000 -0001.000 -0001.000 -0001.000 00896.286 00802.598 00347.541 00421.756 00314.138 00428.661 00685.935 00380.105 00060.005 00087.936 00030.814 -0001.000 -0001.000 -0001.000 -0001.000 -0001.000
00247.712 00491.757 00122.206 00196.857 00240.309 00308.640 00354.404 00478.049 00155.193 00721.432 00243.688 00180.521 00712.893 00807.063 00633.612 00843.940 00777.525 00344.216 00728.104 00719.423 00210.184 -0001.000 -0001.000 -0001.000 -0001.000 -0001.000 -0001.000 -0001.000 -0001.000 -0001.000 -0001.000 -0001.000 -0001.000 -0001.000 -0001.000 -0001.000 -0001.000 -0001.000 -0001.000 -0001.000 -0001.000 -0001.000 -0001.000 -0001.000 00279.850 00910.821 00930.072 00389.610 00703.449 00282.915 00240.840 00092.695 00088.771 00089.384 00008.125 -0001.000 -0001.000 -0001.000 -0001.000 -0001.000
00356.973 00308.585 00140.217 00240.809 00289.492 00282.558 00913.247 00288.700 00192.284 00442.527 00563.543 00504.679 00493.646 00241.609 00427.345 00634.646 00666.602 00809.054 00472.402 00376.390 -0001.000 -0001.000 -0001.000 -0001.000 -0001.000 -0001.000 -0001.000 -0001.000 -0001.000 -0001.000 -0001.000 -0001.000 -0001.000 -0001.000 -0001.000 -0001.000 -0001.000 -0001.000 -0001.000 -0001.000 -0001.000 -0001.000 -0001.000 -0001.000 -0001.000 00447.623 -0001.000 00558.906 00696.313 00210.813 00168.895 00149.437 00074.266 00094.743 -0001.000 -0001.000 -0001.000 -0001.000 -0001.000 -0001.000
00336.918 00769.747 00389.741 00178.183 00230.788 00274.147 00351.084 00325.135 00244.815 00282.721 00322.272 00369.926 00731.955 00355.516 00564.926 -0001.000 -0001.000 00317.989 -0001.000 -0001.000 -0001.000 -0001.000 -0001.000 -0001.000 -0001.000 -0001.000 -0001.000 -0001.000 -0001.000 -0001.000 -0001.000 -0001.000 -0001.000 -0001.000 -0001.000 -0001.000 -0001.000 -0001.000 -0001.000 -0001.000 -0001.000 -0001.000 -0001.000 -0001.000 -0001.000 -0001.000 -0001.000 00272.634 00694.886 00345.211 00220.204 00120.530 00068.389 00102.259 -0001.000 -0001.000 -0001.000 -0001.000 -0001.000 -0001.000
00194.964 00141.146 00100.504 00231.677 00182.811 00254.083 00308.121 00305.217 00310.086 00330.868 00659.873 00642.581 00735.433 00531.614 00492.303 00435.699 -0001.000 -0001.000 -0001.000 -0001.000 -0001.000 -0001.000 -0001.000 -0001.000 -0001.000 -0001.000 -0001.000 -0001.000 -0001.000 -0001.000 -0001.000 -0001.000 -0001.000 -0001.000 -0001.000 -0001.000 -0001.000 -0001.000 -0001.000 -0001.000 00793.781 00891.213 -0001.000 -0001.000 -0001.000 -0001.000 -0001.000 00694.215 00738.460 00724.526 00172.629 00043.307 00096.482 -0001.000 -0001.000 -0001.000 -0001.000 -0001.000 -0001.000 -0001.000
00162.070 00026.487 00111.780 00134.540 00176.411 00256.663 00287.017 00278.014 00243.683 00397.740 00389.421 00697.867 00682.320 00470.726 00642.305 00456.179 -0001.000 -0001.000 -0001.000 -0001.000 -0001.000 -0001.000 -0001.000 -0001.000 -0001.000 -0001.000 -0001.000 -0001.000 -0001.000 -0001.000 -0001.000 00596.778 00312.816 00747.197 -0001.000 -0001.000 00527.488 00095.625 00020.273 -0001.000 00744.199 00871.183 00776.570 -0001.000 -0001.000 -0001.000 -0001.000 00210.920 00217.352 00483.218 00207.715 00040.146 00090.309 -0001.000 -0001.000 -0001.000 -0001.000 -0001.000 -0001.000 -0001.000
