Assets/Resources/_input/Farsite/output/rox.toa
NCOLS 201
NROWS 351
XLLCORNER -775605.000000
YLLCORNER 1857555.000000
CELLSIZE 30.000000
NODATA_VALUE -1
[rows 260 to 285 of 351, columns 60 to 119 of 201]
00023.115 00018.682 00014.949 00013.059 00012.457 00012.403 00011.879 00011.543 00011.499 00012.302 00010.558 00010.630 00010.904 -0001.000 -0001.000 -0001.000 -0001.000 -0001.000 -0001.000 -0001.000 -0001.000 -0001.000 -0001.000 -0001.000 -0001.000 -0001.000 -0001.000 -0001.000 -0001.000 -0001.000 -0001.000 -0001.000 -0001.000 -0001.000 -0001.000 -0001.000 -0001.000 -0001.000 -0001.000 -0001.000 -0001.000 -0001.000 -0001.000 00016.974 -0001.000 -0001.000 -0001.000 00011.599 00011.497 00011.449 00011.776 00010.179 00009.639 00008.919 -0001.000 -0001.000 -0001.000 -0001.000 -0001.000 -0001.000
00018.981 00015.437 00013.136 00011.811 00011.401 00011.173 00011.086 00011.449 00011.379 00009.979 00010.213 00010.575 00011.989 00011.932 00011.871 00012.037 00012.310 -0001.000 -0001.000 -0001.000 -0001.000 -0001.000 -0001.000 -0001.000 -0001.000 -0001.000 -0001.000 -0001.000 -0001.000 -0001.000 -0001.000 -0001.000 -0001.000 -0001.000 -0001.000 -0001.000 -0001.000 -0001.000 -0001.000 -0001.000 -0001.000 -0001.000 -0001.000 00016.871 00016.767 -0001.000 00012.526 00011.563 00011.422 00011.194 00011.128 00010.280 00009.852 00009.085 -0001.000 -0001.000 -0001.000 -0001.000 -0001.000 -0001.000
00017.768 00015.383 00013.237 00011.963 00010.846 00010.284 00010.253 00011.119 00010.361 00009.579 00009.882 00013.263 00011.838 00011.547 00011.637 00011.944 00012.159 -0001.000 -0001.000 -0001.000 -0001.000 -0001.000 -0001.000 -0001.000 -0001.000 -0001.000 -0001.000 -0001.000 -0001.000 -0001.000 -0001.000 -0001.000 -0001.000 -0001.000 -0001.000 -0001.000 -0001.000 -0001.000 -0001.000 -0001.000 -0001.000 -0001.000 -0001.000 00016.501 00016.619 -0001.000 00012.037 00011.529 00011.371 00011.103 00010.769 00010.283 00009.808 00009.269 -0001.000 -0001.000 -0001.000 -0001.000 -0001.000 -0001.000
00016.681 00014.614 00012.255 00010.737 00010.270 00009.887 00009.421 00009.693 00009.429 00009.423 00009.571 00013.265 00011.844 00011.382 00011.655 00012.059 00012.385 00012.713 00013.375 -0001.000 -0001.000 -0001.000 -0001.000 -0001.000 -0001.000 -0001.000 -0001.000 -0001.000 -0001.000 -0001.000 -0001.000 -0001.000 -0001.000 -0001.000 -0001.000 -0001.000 -0001.000 -0001.000 -0001.000 -0001.000 -0001.000 -0001.000 -0001.000 00014.517 00013.539 -0001.000 00011.727 00011.514 00011.338 00010.980 00010.607 00010.215 00010.052 00009.241 -0001.000 -0001.000 -0001.000 -0001.000 -0001.000 -0001.000
00016.075 00014.120 00012.234 00011.250 00010.459 00009.657 00009.243 00009.069 00009.184 00009.334 00009.495 00011.492 00011.148 00011.065 00012.149 00012.242 00012.482 00012.776 00013.293 00015.847 00017.944 -0001.000 -0001.000 -0001.000 -0001.000 -0001.000 -0001.000 -0001.000 -0001.000 -0001.000 -0001.000 -0001.000 -0001.000 -0001.000 -0001.000 -0001.000 -0001.000 -0001.000 -0001.000 -0001.000 -0001.000 -0001.000 00016.301 00013.625 00012.185 -0001.000 00011.678 00011.552 00011.304 00011.057 00010.505 00010.053 00009.875 00009.479 00008.166 -0001.000 -0001.000 -0001.000 -0001.000 -0001.000
00015.412 00013.528 00011.455 00009.771 00009.270 00008.964 00009.138 00008.973 00009.100 00009.258 00009.485 00009.799 00010.213 00010.843 00011.894 00012.328 00012.536 00012.975 00014.055 00015.603 -0001.000 -0001.000 -0001.000 -0001.000 -0001.000 -0001.000 -0001.000 -0001.000 -0001.000 -0001.000 -0001.000 -0001.000 -0001.000 -0001.000 -0001.000 -0001.000 -0001.000 -0001.000 -0001.000 -0001.000 -0001.000 -0001.000 -0001.000 00013.994 00012.370 00011.763 00011.612 00011.700 00011.500 00011.216 00010.615 00009.962 00009.584 00009.248 00008.182 -0001.000 -0001.000 -0001.000 -0001.000 -0001.000
00014.757 00012.701 00011.147 00009.458 00008.866 00008.734 00008.773 00008.879 00009.025 00009.198 00009.483 00009.742 00010.224 00011.080 00012.572 00013.279 00013.528 00014.262 -0001.000 -0001.000 -0001.000 -0001.000 -0001.000 -0001.000 -0001.000 -0001.000 -0001.000 -0001.000 -0001.000 -0001.000 -0001.000 -0001.000 -0001.000 -0001.000 -0001.000 -0001.000 -0001.000 -0001.000 -0001.000 -0001.000 -0001.000 -0001.000 -0001.000 -0001.000 -0001.000 00011.762 00011.528 00011.578 00011.768 00011.574 00011.354 00009.896 00009.286 00008.879 00008.668 -0001.000 -0001.000 -0001.000 -0001.000 -0001.000
00014.012 00011.798 00010.183 00010.426 00008.937 00008.597 00008.695 00008.801 00008.962 00009.214 00009.597 00009.939 00010.261 00011.020 00013.131 -0001.000 -0001.000 -0001.000 -0001.000 -0001.000 -0001.000 -0001.000 -0001.000 -0001.000 -0001.000 -0001.000 -0001.000 -0001.000 -0001.000 -0001.000 -0001.000 -0001.000 -0001.000 -0001.000 -0001.000 -0001.000 -0001.000 -0001.000 -0001.000 -0001.000 -0001.000 -0001.000 -0001.000 -0001.000 -0001.000 00011.564 00011.170 00010.899 00010.813 00011.541 00010.773 00010.199 00009.250 00008.650 00008.777 -0001.000 -0001.000 -0001.000 -0001.000 -0001.000
00016.388 00011.594 00009.115 00010.611 00008.591 00008.513 00008.618 00008.744 00008.911 00009.424 00009.659 00010.011 00010.834 00011.687 00013.232 -0001.000 00022.162 -0001.000 -0001.000 -0001.000 00017.734 00013.928 00013.621 00013.688 00014.125 -0001.000 -0001.000 -0001.000 -0001.000 -0001.000 -0001.000 -0001.000 -0001.000 -0001.000 -0001.000 -0001.000 -0001.000 -0001.000 -0001.000 -0001.000 -0001.000 -0001.000 -0001.000 -0001.000 -0001.000 00011.405 00011.101 00010.868 00010.693 00011.603 00010.351 00009.979 00009.889 00008.734 00008.385 -0001.000 -0001.000 -0001.000 -0001.000 -0001.000
00014.267 00011.726 00008.464 00008.650 00008.503 00008.438 00008.547 00008.691 00008.861 00009.278 00009.716 00010.139 00011.671 00012.271 00013.150 00011.845 00011.483 00013.120 -0001.000 -0001.000 00013.497 00013.399 00013.400 00013.622 00013.952 -0001.000 -0001.000 -0001.000 -0001.000 -0001.000 -0001.000 -0001.000 -0001.000 -0001.000 -0001.000 -0001.000 -0001.000 -0001.000 -0001.000 -0001.000 -0001.000 -0001.000 -0001.000 -0001.000 -0001.000 00016.122 00011.297 00010.858 00010.644 00010.645 00010.205 00009.994 00009.598 00009.364 00007.888 -0001.000 -0001.000 -0001.000 -0001.000 -0001.000
00013.763 00009.957 00008.241 00008.491 00008.502 00008.378 00008.479 00008.642 00008.896 00009.576 00009.888 00010.535 00012.327 00012.364 00013.056 00011.321 00011.281 00012.099 -0001.000 00013.347 00013.255 00013.213 00013.307 00013.589 00013.763 -0001.000 -0001.000 -0001.000 -0001.000 -0001.000 -0001.000 -0001.000 -0001.000 -0001.000 -0001.000 -0001.000 -0001.000 -0001.000 -0001.000 -0001.000 -0001.000 -0001.000 -0001.000 -0001.000 -0001.000 -0001.000 00011.418 00010.925 00010.620 00010.390 00010.282 00009.927 00009.772 00009.028 00008.154 00007.201 -0001.000 -0001.000 -0001.000 -0001.000
00012.362 00008.449 00008.160 00008.129 00008.556 00008.319 00008.412 00008.593 00009.234 00010.563 00010.817 00011.336 00011.313 00011.595 00011.323 00011.065 00011.307 00012.853 00013.560 00013.318 00013.163 00013.062 00013.248 00013.459 00013.653 -0001.000 -0001.000 -0001.000 -0001.000 -0001.000 -0001.000 -0001.000 -0001.000 -0001.000 -0001.000 -0001.000 -0001.000 -0001.000 -0001.000 -0001.000 -0001.000 -0001.000 -0001.000 -0001.000 -0001.000 -0001.000 00011.565 00011.022 00010.643 00010.399 00010.112 00009.864 00009.747 00009.342 00008.890 00007.746 -0001.000 -0001.000 -0001.000 -0001.000
00009.668 00008.251 00008.111 00008.028 00008.043 00008.204 00008.347 00008.578 00009.906 00010.207 00010.418 00011.075 00010.756 00010.684 00010.884 00011.016 00011.435 00012.702 00014.171 00013.347 00013.112 00012.978 00013.199 00013.399 00013.812 -0001.000 -0001.000 -0001.000 -0001.000 -0001.000 -0001.000 -0001.000 -0001.000 -0001.000 -0001.000 -0001.000 -0001.000 -0001.000 -0001.000 -0001.000 -0001.000 -0001.000 -0001.000 00019.594 00017.373 00017.508 -0001.000 00011.565 00010.937 00010.499 00010.169 00009.885 00009.685 00009.343 00008.970 00008.924 -0001.000 -0001.000 -0001.000 -0001.000
00008.724 00008.218 00008.074 00007.985 00007.980 00008.089 00008.293 00008.550 00009.201 00009.577 00009.990 00010.278 00010.440 00010.582 00010.792 00011.048 00011.360 00011.648 00012.597 00013.992 00013.106 00012.899 00013.151 00013.684 00014.449 -0001.000 -0001.000 -0001.000 -0001.000 -0001.000 -0001.000 -0001.000 -0001.000 -0001.000 -0001.000 -0001.000 -0001.000 -0001.000 -0001.000 -0001.000 -0001.000 -0001.000 00016.477 00014.920 00014.180 00013.435 00017.500 -0001.000 00011.779 00010.766 00010.425 00010.016 00009.716 00009.438 00008.682 00008.009 -0001.000 -0001.000 -0001.000 -0001.000
00008.616 00008.305 00008.099 00007.946 00007.899 00008.033 00008.249 00008.494 00008.867 00009.562 00009.881 00010.212 00010.320 00010.521 00010.768 00011.255 00011.324 00011.617 00012.203 00012.446 00012.729 00012.918 00013.709 00014.395 00016.361 -0001.000 -0001.000 -0001.000 -0001.000 -0001.000 -0001.000 -0001.000 -0001.000 -0001.000 -0001.000 -0001.000 -0001.000 -0001.000 -0001.000 -0001.000 -0001.000 -0001.000 00015.065 00014.585 00013.914 00013.163 00012.924 -0001.000 00011.661 00011.088 00011.042 00011.251 00009.954 00009.602 00009.189 00008.023 -0001.000 -0001.000 -0001.000 -0001.000
00008.877 00008.478 00008.198 00007.933 00007.815 00007.981 00008.220 00008.497 00009.149 00009.718 00010.163 00010.175 00010.293 00010.547 00010.834 00011.017 00011.388 00011.796 00012.372 00012.333 00012.578 00013.505 00014.255 00014.673 -0001.000 -0001.000 -0001.000 -0001.000 -0001.000 -0001.000 -0001.000 -0001.000 -0001.000 -0001.000 -0001.000 -0001.000 -0001.000 -0001.000 -0001.000 -0001.000 -0001.000 -0001.000 -0001.000 -0001.000 00014.257 00013.182 00012.840 -0001.000 00013.449 00012.364 00011.687 00011.056 00010.511 00011.203 00009.708 00008.961 -0001.000 -0001.000 -0001.000 -0001.000
00009.461 00008.948 00008.460 00007.969 00007.719 00007.931 00008.273 00009.366 00011.022 00010.903 00010.352 00010.128 00010.287 00010.681 00010.810 00011.152 00012.152 00013.314 00012.444 00012.269 00012.514 00013.673 00014.196 -0001.000 -0001.000 -0001.000 -0001.000 -0001.000 -0001.000 -0001.000 -0001.000 -0001.000 -0001.000 -0001.000 -0001.000 -0001.000 -0001.000 -0001.000 -0001.000 -0001.000 -0001.000 -0001.000 -0001.000 -0001.000 00022.049 00013.467 00012.727 -0001.000 00016.692 00013.148 00011.821 00011.112 00011.119 00011.287 00012.801 00010.407 00007.857 -0001.000 -0001.000 -0001.000
00009.153 00008.826 00008.352 00007.872 00007.653 00007.788 00010.519 00012.448 00010.907 00010.828 00010.946 00010.089 00010.137 00010.648 00011.076 00012.735 00011.605 00012.250 00012.164 00012.220 00013.312 -0001.000 -0001.000 -0001.000 -0001.000 -0001.000 -0001.000 -0001.000 -0001.000 -0001.000 -0001.000 -0001.000 -0001.000 -0001.000 -0001.000 -0001.000 -0001.000 -0001.000 -0001.000 -0001.000 -0001.000 -0001.000 -0001.000 00021.912 00013.602 00011.226 00010.886 -0001.000 -0001.000 00013.528 00012.290 00011.171 00010.867 00011.110 00013.268 -0001.000 -0001.000 -0001.000 -0001.000 -0001.000
00007.986 00008.569 00008.410 00007.791 00007.609 00007.641 00011.123 00012.754 00011.094 00010.746 00011.470 00010.056 00010.102 00010.622 00011.294 00012.928 00011.575 00011.641 00011.915 00012.280 -0001.000 -0001.000 -0001.000 -0001.000 -0001.000 -0001.000 -0001.000 -0001.000 -0001.000 -0001.000 -0001.000 -0001.000 -0001.000 -0001.000 -0001.000 -0001.000 -0001.000 -0001.000 -0001.000 -0001.000 -0001.000 -0001.000 -0001.000 -0001.000 00012.709 00011.163 00010.890 00010.641 -0001.000 00014.805 00014.723 00011.679 00010.308 00009.717 00008.871 00012.284 -0001.000 -0001.000 -0001.000 -0001.000
00007.280 00007.254 00007.823 00007.822 00007.562 00007.509 00010.034 00011.621 00011.577 00010.726 00010.541 00010.016 00009.799 00010.382 00011.220 00011.521 00011.472 00011.569 00011.973 00013.508 00015.258 -0001.000 -0001.000 -0001.000 -0001.000 -0001.000 -0001.000 -0001.000 -0001.000 -0001.000 -0001.000 -0001.000 -0001.000 -0001.000 -0001.000 -0001.000 -0001.000 -0001.000 -0001.000 -0001.000 -0001.000 -0001.000 -0001.000 -0001.000 00013.300 00011.426 00011.168 00010.664 -0001.000 00014.210 00014.550 00012.446 00007.479 00007.377 00008.623 00001.907 -0001.000 -0001.000 -0001.000 -0001.000
00007.225 00007.086 00007.027 00007.349 00007.338 00007.341 00008.925 00010.443 00010.342 00010.777 00010.529 00009.808 00009.717 00010.046 00011.266 00011.232 00011.319 00011.564 00012.047 00015.428 00016.333 -0001.000 -0001.000 -0001.000 -0001.000 -0001.000 -0001.000 -0001.000 -0001.000 -0001.000 -0001.000 -0001.000 -0001.000 -0001.000 -0001.000 -0001.000 -0001.000 -0001.000 -0001.000 -0001.000 -0001.000 -0001.000 -0001.000 -0001.000 00014.170 00011.833 00011.817 00010.464 00010.098 00008.521 00009.440 00007.500 00004.445 00004.095 00005.429 -0001.000 -0001.000 -0001.000 -0001.000 -0001.000
00007.209 00006.920 00006.706 00006.940 00007.048 00007.215 00008.349 00008.655 00008.675 00009.937 00009.474 00009.572 00009.643 00010.245 00010.778 00011.096 00011.357 00011.607 00012.603 00015.596 00017.399 -0001.000 -0001.000 -0001.000 -0001.000 -0001.000 -0001.000 -0001.000 -0001.000 -0001.000 -0001.000 -0001.000 -0001.000 -0001.000 -0001.000 -0001.000 -0001.000 -0001.000 -0001.000 -0001.000 -0001.000 -0001.000 -0001.000 -0001.000 00015.858 00013.040 00013.321 00009.859 00010.054 00008.365 00007.233 00006.511 00002.597 00001.629 00004.958 -0001.000 -0001.000 -0001.000 -0001.000 -0001.000
00007.568 00006.686 00006.500 00006.879 00006.941 00007.166 00007.673 00007.736 00008.110 00008.495 00008.926 00009.279 00009.577 00010.513 00010.360 00011.230 00012.120 00013.058 00013.932 00016.265 -0001.000 -0001.000 -0001.000 -0001.000 -0001.000 -0001.000 -0001.000 -0001.000 -0001.000 -0001.000 -0001.000 -0001.000 -0001.000 -0001.000 -0001.000 -0001.000 -0001.000 -0001.000 -0001.000 -0001.000 -0001.000 -0001.000 -0001.000 -0001.000 -0001.000 00015.143 -0001.000 00009.478 00009.354 00008.090 00007.150 00006.792 00003.215 00001.626 -0001.000 -0001.000 -0001.000 -0001.000 -0001.000 -0001.000
00007.624 00006.766 00006.434 00006.837 00006.817 00007.128 00007.479 00007.675 00008.009 00008.454 00008.897 00009.358 00009.496 00010.002 00010.516 -0001.000 -0001.000 00015.696 -0001.000 -0001.000 -0001.000 -0001.000 -0001.000 -0001.000 -0001.000 -0001.000 -0001.000 -0001.000 -0001.000 -0001.000 -0001.000 -0001.000 -0001.000 -0001.000 -0001.000 -0001.000 -0001.000 -0001.000 -0001.000 -0001.000 -0001.000 -0001.000 -0001.000 -0001.000 -0001.000 -0001.000 -0001.000 00009.803 00008.848 00007.906 00007.067 00006.662 00003.922 00002.393 -0001.000 -0001.000 -0001.000 -0001.000 -0001.000 -0001.000
00007.436 00006.424 00006.323 00006.401 00006.697 00007.154 00007.404 00007.680 00008.145 00008.417 00008.901 00009.256 00009.594 00009.989 00011.317 00015.055 -0001.000 -0001.000 -0001.000 -0001.000 -0001.000 -0001.000 -0001.000 -0001.000 -0001.000 -0001.000 -0001.000 -0001.000 -0001.000 -0001.000 -0001.000 -0001.000 -0001.000 -0001.000 -0001.000 -0001.000 -0001.000 -0001.000 -0001.000 -0001.000 00012.150 00012.379 -0001.000 -0001.000 -0001.000 -0001.000 -0001.000 00012.675 00009.436 00008.467 00007.024 00004.905 00003.502 -0001.000 -0001.000 -0001.000 -0001.000 -0001.000 -0001.000 -0001.000
00007.863 00006.329 00006.216 00006.250 00006.591 00006.970 00007.336 00007.924 00008.246 00008.533 00009.009 00009.399 00009.811 00010.231 00011.908 00015.299 -0001.000 -0001.000 -0001.000 -0001.000 -0001.000 -0001.000 -0001.000 -0001.000 -0001.000 -0001.000 -0001.000 -0001.000 -0001.000 -0001.000 -0001.000 00013.873 00013.515 00013.424 -0001.000 -0001.000 00011.927 00016.346 00021.509 -0001.000 00010.860 00011.145 00011.208 -0001.000 -0001.000 -0001.000 -0001.000 00013.623 00010.210 00009.749 00008.594 00005.122 00001.539 -0001.000 -0001.000 -0001.000 -0001.000 -0001.000 -0001.000 -0001.000
