Assets/Resources/_input/Farsite/output/rox.rci
NCOLS 201
NROWS 351
XLLCORNER -775605.000000
YLLCORNER 1857555.000000
CELLSIZE 30.000000
NODATA_VALUE -1
[rows 52 to 77 of 351, columns 120 to 179 of 201]
-0001.000 -0001.000 -0001.000 -0001.000 00904.765 00708.731 00759.637 00269.081 00269.271 00431.367 00804.204 00733.595 00672.460 00857.605 00865.750 00730.285 00656.278 00619.171 00584.135 00554.915 00872.581 00845.871 00184.434 00829.973 00384.600 00870.408 00829.413 00298.602 00820.595 00657.089 00848.661 00765.220 00661.109 00698.830 00808.517 00820.535 00651.324 00337.557 00587.330 00549.061 00573.399 00453.738 00184.728 00117.778 -0001.000 -0001.000 -0001.000 -0001.000 -0001.000 -0001.000 -0001.000 -0001.000 -0001.000 -0001.000 -0001.000 -0001.000 -0001.000 -0001.000 -0001.000 -0001.000
-0001.000 -0001.000 -0001.000 -0001.000 00234.396 00711.984 00577.128 00464.544 00689.267 00572.358 00494.902 00376.163 00365.585 00860.781 00760.928 00637.938 00866.522 00866.449 00866.633 00875.893 00713.009 00880.996 00355.123 00208.188 00377.676 00828.740 00703.679 00723.060 00377.009 00657.839 00888.222 00829.024 00756.139 00219.901 00814.248 00135.683 00745.579 00442.424 00882.981 00093.126 00202.977 00839.529 00140.756 00605.628 -0001.000 -0001.000 -0001.000 -0001.000 -0001.000 -0001.000 -0001.000 -0001.000 -0001.000 -0001.000 -0001.000 -0001.000 -0001.000 -0001.000 -0001.000 -0001.000
-0001.000 -0001.000 -0001.000 -0001.000 00825.313 00196.089 00496.887 00526.016 00250.989 00752.267 00120.040 00470.370 00263.865 00881.665 00613.390 00823.944 00772.248 00771.134 00793.098 00866.429 00713.170 00879.156 00470.923 00371.639 00362.783 00766.145 00559.480 00535.096 00688.854 00631.866 00680.377 00205.241 00866.871 00682.649 00794.939 00280.498 00878.624 00602.611 00417.400 00354.656 00803.005 00616.534 00086.143 00391.167 00215.932 00835.934 -0001.000 -0001.000 -0001.000 -0001.000 -0001.000 -0001.000 -0001.000 -0001.000 -0001.000 -0001.000 -0001.000 -0001.000 -0001.000 -0001.000
-0001.000 -0001.000 -0001.000 -0001.000 -0001.000 00552.847 00809.577 00734.555 00675.607 00111.251 00439.406 00294.663 00868.152 00863.831 00861.254 00684.288 00666.203 00669.553 00664.126 00842.333 00725.223 00871.629 00755.500 00475.127 00374.803 00787.486 00395.215 00361.634 00280.053 00655.705 00788.191 00732.785 00783.830 00793.980 00826.065 00442.159 00232.720 00816.083 00454.871 00697.684 00504.837 00496.395 00276.032 00326.218 00317.706 00893.370 -0001.000 -0001.000 -0001.000 -0001.000 -0001.000 -0001.000 -0001.000 -0001.000 -0001.000 -0001.000 -0001.000 -0001.000 -0001.000 -0001.000
-0001.000 -0001.000 -0001.000 -0001.000 -0001.000 00162.570 00761.198 00913.860 00633.603 00782.885 00726.193 00846.699 00650.553 00752.436 00724.195 00808.712 00801.916 00721.256 00621.355 00814.736 00711.775 00859.094 00678.884 00831.481 00387.264 00806.040 00213.315 00203.788 00509.434 00509.365 00637.317 00528.339 00134.889 00293.198 00834.753 00561.622 00474.971 00337.491 00742.192 00707.855 00619.897 00653.890 00576.786 00840.568 00725.399 00591.304 00740.737 -0001.000 -0001.000 -0001.000 -0001.000 -0001.000 -0001.000 -0001.000 -0001.000 -0001.000 -0001.000 -0001.000 -0001.000 -0001.000
-0001.000 -0001.000 -0001.000 -0001.000 -0001.000 00612.107 00923.660 00709.011 00600.390 00629.163 00883.567 00684.775 00334.007 00665.463 00543.200 00315.828 00877.260 00654.797 00844.331 00782.235 00695.705 00841.669 00667.426 00827.234 00390.868 00819.879 00644.569 00800.289 00539.789 00635.402 00777.213 00650.497 00447.720 00886.867 00428.338 00729.366 00190.356 00713.327 00590.046 00770.305 00610.765 00809.880 00201.889 00884.402 00792.367 00669.394 00871.024 00175.080 00539.301 -0001.000 -0001.000 -0001.000 -0001.000 -0001.000 -0001.000 -0001.000 -0001.000 -0001.000 -0001.000 -0001.000
-0001.000 -0001.000 -0001.000 -0001.000 -0001.000 00640.084 00520.869 00507.321 00760.499 00718.755 00885.166 00803.001 00716.089 00482.846 00316.131 00650.593 00641.204 00827.792 00775.516 00742.821 00690.103 00845.279 00871.354 00724.154 00592.258 00848.149 00398.105 00731.967 00699.651 00635.486 00659.054 00742.587 00825.137 00703.700 00261.598 00179.580 00727.677 00476.524 00712.534 00765.559 00808.276 00332.373 00383.732 00202.518 00839.011 00755.010 00639.171 00899.251 00918.707 -0001.000 -0001.000 -0001.000 -0001.000 -0001.000 -0001.000 -0001.000 -0001.000 -0001.000 -0001.000 -0001.000
-0001.000 -0001.000 -0001.000 -0001.000 -0001.000 -0001.000 00082.766 00753.148 00561.764 00835.379 00816.759 00859.388 00698.795 00518.520 00608.215 00875.877 00593.342 00648.349 00692.417 00691.859 00685.653 00846.001 00726.605 00445.041 00200.437 00799.479 00853.853 00799.494 00234.066 00861.389 00853.037 00854.338 00743.775 00712.512 00451.797 00685.322 00750.645 00228.137 00639.824 00718.258 00356.678 00198.395 00650.348 00673.887 00192.366 00823.494 00774.288 00777.332 00270.135 -0001.000 -0001.000 -0001.000 -0001.000 -0001.000 -0001.000 -0001.000 -0001.000 -0001.000 -0001.000 -0001.000
-0001.000 -0001.000 -0001.000 -0001.000 -0001.000 -0001.000 -0001.000 00552.709 00762.424 00629.794 00565.270 00544.487 00887.698 00848.914 00751.269 00841.481 00788.042 00499.404 00858.838 00575.364 00331.360 00830.122 00788.170 00300.732 00754.878 00664.694 00543.898 00840.525 00691.909 00516.295 00681.452 00882.731 00278.099 00691.102 00620.605 00632.074 00875.454 00581.508 00840.763 00703.409 00158.998 00139.201 00643.363 00724.567 00688.460 00648.321 00606.137 00610.671 00797.857 -0001.000 -0001.000 00777.524 00467.291 -0001.000 -0001.000 -0001.000 -0001.000 -0001.000 -0001.000 -0001.000
-0001.000 -0001.000 -0001.000 -0001.000 -0001.000 00649.803 00657.417 00784.424 00582.909 00804.486 00702.005 00661.225 00644.875 00575.931 00692.782 00819.140 00756.594 00611.206 00525.719 00368.122 00245.896 00849.787 00811.992 00718.183 00458.019 00398.557 00473.054 00801.774 00837.007 00820.554 00770.456 00625.255 00547.558 00226.031 00777.659 00393.218 00318.078 00482.060 00710.128 00811.064 00771.762 00861.743 00621.078 00472.583 00803.029 00800.605 00822.385 00734.445 00856.379 -0001.000 00142.953 00114.263 00143.825 00399.178 -0001.000 -0001.000 -0001.000 -0001.000 -0001.000 -0001.000
-0001.000 -0001.000 -0001.000 -0001.000 -0001.000 00265.260 00735.290 00561.888 00774.611 00617.996 00845.217 00774.745 00748.365 00641.726 00872.875 00752.971 00692.856 00617.638 00701.960 00840.578 00880.257 00547.555 00864.044 00840.538 00843.479 00343.604 00835.709 00838.369 00512.070 00814.407 00764.516 00708.098 00636.758 00415.950 00850.242 00841.610 00562.707 00891.192 00753.738 00752.693 00627.159 00758.595 00580.228 00489.809 00536.837 00714.910 00363.209 00172.430 00167.900 00518.549 00431.135 00438.611 00632.909 00190.286 -0001.000 -0001.000 -0001.000 -0001.000 -0001.000 -0001.000
-0001.000 -0001.000 -0001.000 -0001.000 -0001.000 00301.628 00295.501 00758.273 00571.793 00794.588 00653.516 00884.840 00846.527 00834.564 00743.549 00662.572 00592.884 00828.713 00843.330 00666.886 00821.095 00484.754 00843.095 00709.776 00717.693 00667.665 00599.523 00817.556 00781.332 00581.414 00804.110 00843.753 00840.509 00163.845 00857.934 00299.329 00783.135 00142.634 00736.937 00745.797 00742.550 00539.272 00728.086 00678.327 00528.481 00640.585 00842.073 00651.140 00373.195 00666.838 00325.235 00868.465 00478.427 00455.255 -0001.000 -0001.000 -0001.000 -0001.000 -0001.000 -0001.000
-0001.000 -0001.000 -0001.000 -0001.000 -0001.000 00490.212 00614.812 00519.631 00738.681 00587.104 00817.171 00692.495 00600.903 00596.149 00600.002 00844.799 00684.993 00745.876 00736.440 00789.882 00759.166 00640.419 00842.839 00641.850 00634.310 00628.353 00245.186 00818.310 00383.341 00489.033 00848.066 00801.950 00490.197 00642.956 00179.068 00657.631 00639.340 00401.535 00622.916 00819.102 00578.722 00226.009 00719.429 00217.398 00850.525 00814.706 00625.899 00771.894 00619.183 00666.568 00408.978 00147.784 00229.831 -0001.000 -0001.000 -0001.000 -0001.000 -0001.000 -0001.000 -0001.000
-0001.000 -0001.000 -0001.000 -0001.000 -0001.000 00486.208 00183.634 00686.709 00507.621 00735.136 00607.641 00847.063 00737.970 00675.446 00789.595 00682.898 00642.932 00649.687 00628.799 00650.756 00684.773 00667.982 00822.880 00595.365 00854.751 00824.755 00347.710 00103.737 00579.261 00350.349 00255.297 00068.361 00527.471 00410.119 00505.619 00605.347 00324.145 00336.646 00581.582 00700.407 00890.457 00823.910 00735.960 00744.100 00686.019 00622.761 00633.364 00883.639 00522.768 00546.809 00175.676 00780.747 -0001.000 -0001.000 -0001.000 -0001.000 -0001.000 -0001.000 -0001.000 -0001.000
-0001.000 -0001.000 -0001.000 -0001.000 -0001.000 -0001.000 00459.048 00935.205 00641.759 00873.052 00736.084 00630.932 00882.575 00782.914 00652.022 00837.839 00801.823 00816.382 00697.667 00852.008 00726.387 00629.279 00799.175 00817.579 00805.767 00765.958 00778.204 00143.873 00677.769 00481.267 00416.588 00329.966 00782.641 00617.232 00659.987 00368.454 00278.142 00776.912 00469.430 00124.621 00650.108 00504.766 00848.566 00475.289 00190.858 00854.780 00762.304 00553.383 -0001.000 -0001.000 -0001.000 -0001.000 -0001.000 -0001.000 -0001.000 -0001.000 -0001.000 -0001.000 -0001.000 -0001.000
-0001.000 -0001.000 -0001.000 -0001.000 -0001.000 -0001.000 -0001.000 00980.336 00746.885 00607.842 00845.376 00733.608 00650.962 00582.560 00835.105 00716.326 00614.560 00757.154 00631.943 00788.874 00671.217 00580.518 00773.218 00773.768 00757.330 00716.919 00298.190 00173.815 00779.263 00682.315 00392.181 00607.563 00243.299 00736.291 00561.828 00829.460 00275.414 00208.045 00573.300 00276.233 00179.002 00288.333 00154.146 00785.592 00822.983 00783.295 00837.104 00445.513 -0001.000 -0001.000 -0001.000 -0001.000 -0001.000 -0001.000 -0001.000 -0001.000 -0001.000 -0001.000 -0001.000 -0001.000
-0001.000 -0001.000 -0001.000 -0001.000 -0001.000 -0001.000 -0001.000 00970.413 00815.709 00682.991 00575.901 00816.038 00727.017 00669.030 00622.997 00593.000 00780.241 00659.613 00853.846 00723.677 00606.793 00806.403 00715.968 00737.834 00715.397 00664.663 00587.057 00197.241 00156.612 00824.594 00573.009 00282.533 00343.840 00819.631 00656.966 00595.043 00649.180 00219.435 00613.468 00355.579 00363.445 00314.057 00252.622 00876.621 00802.301 00772.687 00116.102 00664.903 -0001.000 -0001.000 -0001.000 -0001.000 -0001.000 -0001.000 -0001.000 -0001.000 -0001.000 -0001.000 -0001.000 -0001.000
-0001.000 -0001.000 -0001.000 -0001.000 00039.468 00352.055 00953.433 00908.139 00517.178 00744.970 00623.438 00546.544 00793.913 00731.338 00701.442 00681.939 00646.459 00847.316 00748.582 00656.890 00823.265 00741.970 00494.118 00681.074 00674.830 00612.962 00677.994 00179.383 00316.320 00295.011 00829.814 00737.274 00491.922 00191.218 00345.940 00734.276 00232.908 00278.825 00620.650 00442.376 00290.194 00669.073 00471.026 00221.168 00628.148 00818.806 00150.490 00353.721 -0001.000 -0001.000 -0001.000 -0001.000 -0001.000 -0001.000 -0001.000 -0001.000 -0001.000 -0001.000 -0001.000 -0001.000
-0001.000 -0001.000 -0001.000 -0001.000 00126.069 00708.476 00949.493 00977.304 00671.541 00838.709 00678.886 00578.236 00879.358 00788.354 00756.351 00747.843 00818.711 00707.633 00634.837 00592.364 00634.183 00660.498 00457.502 00346.809 00616.190 00566.518 00671.672 00484.722 00626.707 00529.573 00569.175 00739.823 00529.346 00305.814 00805.499 00261.887 00417.622 00295.670 00706.562 00537.708 00298.772 00796.012 00701.287 00490.790 00410.744 00531.996 00359.462 -0001.000 -0001.000 -0001.000 -0001.000 -0001.000 -0001.000 -0001.000 -0001.000 -0001.000 -0001.000 -0001.000 -0001.000 -0001.000
-0001.000 -0001.000 -0001.000 -0001.000 -0001.000 00208.005 00967.027 00965.665 00821.300 00594.931 00770.665 00611.617 00885.395 00871.221 00796.804 00841.250 00694.041 00852.223 00778.864 00677.684 00455.447 00591.462 00682.456 00505.588 00581.816 00744.960 00666.345 00594.534 00728.717 00288.853 00188.093 00831.416 00550.456 00489.625 00374.565 00606.267 00458.321 00321.835 00789.622 00613.351 00485.602 00255.504 00114.518 00836.154 00891.181 -0001.000 -0001.000 -0001.000 -0001.000 -0001.000 -0001.000 -0001.000 -0001.000 -0001.000 -0001.000 -0001.000 -0001.000 -0001.000 -0001.000 -0001.000
-0001.000 -0001.000 -0001.000 -0001.000 00068.386 00246.463 00454.782 00388.862 00493.070 00688.990 00524.214 00698.914 00545.762 00693.277 00856.510 00700.006 00854.948 00724.489 00626.002 00713.495 00619.528 00728.414 00638.564 00561.211 00739.123 00703.481 00492.153 00594.853 00549.174 00683.288 00265.457 00057.886 00499.551 00085.739 00740.778 00200.341 00628.722 00342.401 00843.092 00269.478 00881.007 00682.889 00546.309 00505.569 -0001.000 -0001.000 -0001.000 -0001.000 -0001.000 -0001.000 -0001.000 -0001.000 -0001.000 -0001.000 -0001.000 -0001.000 -0001.000 -0001.000 -0001.000 -0001.000
-0001.000 -0001.000 -0001.000 -0001.000 -0001.000 00038.250 00601.413 00950.325 00899.879 00696.095 00550.770 00775.506 00627.748 00824.855 00673.878 00846.656 00708.551 00593.892 00760.290 00643.566 00756.459 00668.986 00603.776 00717.976 00689.816 00666.150 00434.163 00328.014 00569.107 00676.881 00417.036 00297.148 00705.330 00460.714 00483.867 00158.401 00696.841 00483.673 00304.992 00816.044 00642.341 00789.094 00608.053 00157.641 -0001.000 -0001.000 -0001.000 -0001.000 -0001.000 -0001.000 -0001.000 -0001.000 -0001.000 -0001.000 -0001.000 -0001.000 -0001.000 -0001.000 -0001.000 -0001.000
-0001.000 -0001.000 -0001.000 -0001.000 -0001.000 -0001.000 00154.978 00790.459 00489.546 00650.408 00671.797 00804.699 00639.025 00886.123 00759.087 00656.339 00827.594 00712.659 00622.175 00817.953 00684.255 00613.153 00568.716 00675.262 00650.468 00505.425 00432.299 00359.351 00372.003 00687.549 00109.162 00572.030 00430.793 00545.015 00373.132 00381.321 00275.668 00771.556 00696.915 00685.655 00797.871 00329.493 00081.327 00765.129 -0001.000 -0001.000 -0001.000 -0001.000 -0001.000 -0001.000 -0001.000 -0001.000 -0001.000 -0001.000 -0001.000 -0001.000 -0001.000 -0001.000 -0001.000 -0001.000
-0001.000 -0001.000 -0001.000 -0001.000 -0001.000 -0001.000 -0001.000 00390.135 00503.340 00604.195 00818.116 00533.907 00662.945 00835.693 00808.125 00680.917 00612.493 00806.064 00720.368 00657.117 00610.717 00729.709 00669.680 00633.138 00615.310 00538.591 00631.646 00412.236 00365.435 00247.248 00461.224 00243.700 00760.395 00814.432 00797.485 00643.107 00628.676 00536.336 00458.349 00653.845 00651.290 00731.262 00763.030 00500.304 -0001.000 -0001.000 -0001.000 -0001.000 -0001.000 -0001.000 -0001.000 -0001.000 -0001.000 -0001.000 -0001.000 -0001.000 -0001.000 -0001.000 -0001.000 -0001.000
-0001.000 -0001.000 -0001.000 -0001.000 -0001.000 -0001.000 -0001.000 -0001.000 00519.588 00565.057 00621.983 00619.256 00701.516 00808.848 00603.666 00707.127 00724.714 00836.893 00813.094 00696.213 00716.166 00422.099 00600.561 00590.250 00618.263 00574.138 00608.111 00395.497 00509.371 00457.839 00459.513 00629.561 00551.246 00682.859 00766.364 00713.618 00188.746 00348.562 00251.682 00122.180 00277.044 00370.594 00610.256 00570.907 -0001.000 -0001.000 -0001.000 -0001.000 -0001.000 -0001.000 -0001.000 -0001.000 -0001.000 -0001.000 -0001.000 -0001.000 -0001.000 -0001.000 -0001.000 -0001.000
-0001.000 -0001.000 -0001.000 -0001.000 -0001.000 -0001.000 -0001.000 -0001.000 -0001.000 00139.992 00677.546 00709.896 00750.712 00792.700 00705.073 00752.119 00823.600 00630.836 00664.513 00739.308 00627.802 00169.319 00601.118 00554.217 00588.385 00558.707 00590.417 00584.421 00136.475 00144.333 00373.235 00280.058 00727.181 00595.194 00771.786 00785.066 00635.451 00182.926 00735.981 00119.778 00592.416 00847.972 00881.791 00398.136 00112.591 -0001.000 -0001.000 -0001.000 -0001.000 -0001.000 -0001.000 -0001.000 -0001.000 -0001.000 -0001.000 -0001.000 -0001.000 -0001.000 -0001.000 -0001.000
