Time(s),Households left,People left,Households starting moving,People started moving,Households reached car,People reached car,Total cars activated,Avg. walking dist.
0,33726,100000,0,0,0,0,0,0
1,33726,100000,10,33,0,0,0,0
2,33726,100000,8,26,0,0,0,0
3,33726,100000,16,49,0,0,0,0
4,33726,100000,11,31,0,0,0,0
5,33726,100000,13,35,0,0,0,0
6,33726,100000,9,29,0,0,0,0
7,33726,100000,14,41,0,0,0,0
8,33726,100000,14,43,0,0,0,0
9,33726,100000,6,18,0,0,0,0
10,33726,100000,10,27,0,0,0,0
11,33726,100000,4,14,0,0,0,0
12,33726,100000,8,25,0,0,0,0
13,33726,100000,9,19,0,0,0,0
14,33726,100000,13,50,0,0,0,0
15,33726,100000,13,39,0,0,0,0
16,33726,100000,13,47,0,0,0,0
17,33726,100000,12,31,0,0,0,0
18,33726,100000,6,17,0,0,0,0
19,33726,100000,14,41,0,0,0,0
20,33726,100000,8,25,0,0,0,0
21,33726,100000,16,48,0,0,0,0
22,33726,100000,13,39,0,0,0,0
23,33724,99997,6,15,2,3,3,0
24,33724,99997,13,30,0,0,3,8.493919
25,33724,99997,6,19,0,0,3,8.493919
26,33724,99997,11,39,0,0,3,8.493919
27,33724,99997,10,25,0,0,3,8.493919
28,33724,99997,9,27,0,0,3,8.493919
29,33724,99997,11,29,0,0,3,8.493919
30,33724,99997,8,26,0,0,3,8.493919
31,33724,99997,10,35,0,0,3,8.493919
32,33724,99997,16,59,0,0,3,8.493919
33,33724,99997,10,23,0,0,3,8.493919
34,33724,99997,9,30,0,0,3,8.493919
35,33724,99997,13,38,0,0,3,8.493919
36,33724,99997,6,14,0,0,3,8.493919
37,33724,99997,19,58,0,0,3,8.493919
38,33723,99995,9,21,1,2,5,8.493919
39,33723,99995,5,18,0,0,5,12.67532
40,33722,99992,12,49,1,3,6,12.67532
41,33722,99992,8,22,0,0,6,14.48275
42,33721,99991,18,47,1,1,7,14.48275
43,33719,99987,9,23,2,4,9,17.24301
44,33718,99986,11,30,1,1,10,18.37032
45,33717,99984,14,47,1,2,11,19.96798
46,33717,99984,13,38,0,0,11,20.57616
47,33715,99976,15,56,2,8,13,20.57616
48,33715,99976,15,36,0,0,13,22.46849
49,33715,99976,7,18,0,0,13,22.46849
50,33714,99973,10,28,1,3,14,22.46849
51,33714,99973,7,23,0,0,14,21.9216
52,33710,99958,12,44,4,15,19,21.9216
53,33709,99955,7,24,1,3,21,24.80478
54,33708,99953,12,48,1,2,22,25.15232
55,33707,99951,10,26,1,2,23,25.64106
56,33707,99951,15,52,0,0,23,26.17549
57,33706,99948,23,53,1,3,24,26.17549
58,33704,99942,7,22,2,6,28,27.55058
59,33702,99940,14,44,2,2,30,27.05873
60,33701,99936,20,59,1,4,31,27.4292
61,33700,99932,9,30,1,4,33,27.82943
62,33698,99924,6,18,2,8,36,27.71239
63,33698,99924,9,37,0,0,36,28.33494
64,33695,99912,10,35,3,12,39,28.33494
65,33693,99902,7,18,2,10,41,29.56116
66,33692,99898,16,42,1,4,42,29.66233
67,33691,99897,11,35,1,1,43,29.97356
68,33691,99897,11,33,0,0,43,30.03934
69,33690,99893,9,32,1,4,44,30.03934
70,33688,99890,9,27,2,3,46,30.48108
71,33687,99887,18,55,1,3,47,29.8913
72,33683,99873,10,39,4,14,52,30.47294
73,33681,99867,13,44,2,6,55,29.59128
74,33681,99867,19,57,0,0,55,30.69154
75,33680,99865,13,36,1,2,56,30.69154
76,33676,99853,9,23,4,12,61,31.18782
77,33674,99847,6,23,2,6,64,32.37062
78,33666,99824,7,20,8,23,74,32.22331
79,33660,99801,11,30,6,23,80,33.96891
80,33658,99794,8,25,2,7,83,34.20409
81,33654,99784,17,44,4,10,87,34.80497
82,33654,99784,12,44,0,0,87,35.76896
83,33647,99765,10,30,7,19,98,35.76896
84,33645,99758,11,22,2,7,101,35.01796
85,33641,99745,11,39,4,13,105,34.74283
86,33639,99739,11,33,2,6,108,34.88205
87,33639,99739,4,12,0,0,108,35.52813
88,33637,99736,13,47,2,3,110,35.52813
89,33635,99729,4,7,2,7,113,36.29796
90,33630,99714,12,34,5,15,119,36.94361
91,33629,99713,11,40,1,1,120,37.1688
92,33621,99686,14,46,8,27,130,37.15789
93,33619,99681,9,25,2,5,132,38.94364
94,33618,99678,11,29,1,3,134,38.7172
95,33612,99659,14,39,6,19,140,39.08948
96,33607,99646,9,26,5,13,147,40.56246
97,33606,99645,6,15,1,1,148,40.97511
98,33603,99634,11,36,3,11,151,41.11356
99,33600,99627,12,30,3,7,155,41.90711
100,33593,99612,12,38,7,15,163,41.72558
101,33590,99604,12,39,3,8,167,43.00867
102,33588,99602,11,33,2,2,169,43.53466
103,33581,99582,15,48,7,20,177,44.07102
104,33577,99567,16,47,4,15,183,44.87383
105,33569,99541,10,31,8,26,193,45.07455
106,33564,99521,12,39,5,20,199,45.52899
107,33561,99517,11,33,3,4,202,46.16526
108,33559,99515,7,23,2,2,204,46.58886
109,33552,99487,10,32,7,28,212,46.90906
110,33547,99471,16,49,5,16,218,47.65696
111,33544,99464,8,21,3,7,221,47.66284
112,33536,99436,11,25,8,28,233,48.16362
113,33532,99425,11,35,4,11,237,49.1303
114,33530,99416,11,34,2,9,239,49.73455
115,33525,99402,15,54,5,14,244,49.78274
116,33522,99395,9,24,3,7,247,50.42038
117,33518,99387,17,60,4,8,252,50.29391
118,33516,99379,18,56,2,8,255,50.60286
119,33512,99364,16,39,4,15,259,50.53016
120,33504,99335,16,40,8,29,269,50.83173
121,33500,99324,9,32,4,11,274,50.57972
122,33496,99316,14,49,4,8,278,50.64389
123,33487,99290,13,35,9,26,288,50.86923
124,33480,99271,11,32,7,19,297,51.73984
125,33476,99255,12,38,4,16,302,52.89344
126,33469,99237,5,12,7,18,310,53.25973
127,33464,99223,14,35,5,14,317,52.91373
128,33458,99209,9,24,6,14,324,53.76741
129,33444,99160,13,49,14,49,339,53.84181
130,33437,99144,11,33,7,16,348,54.81061
131,33432,99125,12,43,5,19,354,55.41707
132,33429,99116,5,16,3,9,357,55.78559
133,33421,99090,12,38,8,26,366,56.01359
134,33415,99069,14,39,6,21,373,56.80961
135,33411,99055,12,35,4,14,378,57.11514
136,33403,99030,14,47,8,25,389,57.14585
137,33395,99007,12,38,8,23,397,57.59734
138,33389,98987,9,21,6,20,404,58.43658
139,33385,98973,9,16,4,14,409,58.77327
140,33383,98969,10,34,2,4,411,58.96994
141,33379,98959,13,41,4,10,416,59.09933
142,33368,98930,5,14,11,29,429,59.15815
143,33357,98892,12,40,11,38,440,60.05762
144,33349,98862,8,22,8,30,449,60.76603
145,33339,98831,15,37,10,31,461,61.06464
146,33330,98816,10,36,9,15,471,61.51145
147,33326,98801,7,18,4,15,477,61.5709
148,33320,98783,10,36,6,18,483,61.51671
149,33311,98759,6,13,9,24,492,61.28401
150,33306,98740,12,36,5,19,498,61.52662
151,33299,98719,15,46,7,21,507,61.92467
152,33294,98698,7,19,5,21,515,62.04625
153,33288,98683,14,39,6,15,521,62.71735
154,33277,98645,10,34,11,38,533,62.85056
155,33273,98634,8,17,4,11,537,63.0817
156,33265,98610,11,39,8,24,545,63.25756
157,33260,98593,14,46,5,17,551,63.56564
158,33249,98560,7,26,11,33,564,63.86193
159,33240,98533,13,36,9,27,575,64.22339
160,33233,98513,6,14,7,20,583,64.12441
161,33223,98479,15,39,10,34,594,64.44587
162,33217,98457,16,36,6,22,600,65.06824
163,33211,98437,13,42,6,20,607,65.38039
164,33203,98406,10,34,8,31,616,65.85454
165,33195,98379,18,52,8,27,625,66.2505
166,33191,98374,14,56,4,5,629,66.55389
167,33180,98331,9,27,11,43,642,66.97325
168,33164,98297,11,31,16,34,659,67.20591
169,33162,98294,12,43,2,3,661,67.71663
170,33155,98270,12,38,7,24,669,67.77529
171,33144,98242,14,44,11,28,682,67.7622
172,33131,98206,9,25,13,36,699,68.1735
173,33123,98184,13,37,8,22,708,68.50137
174,33112,98146,11,37,11,38,724,68.57202
175,33104,98124,14,45,8,22,734,69.06353
176,33098,98105,8,29,6,19,741,69.07067
177,33092,98087,12,42,6,18,749,69.24982
178,33086,98071,12,35,6,16,756,69.31369
179,33081,98050,13,42,5,21,761,69.25359
180,33070,98020,10,31,11,30,774,69.6149
181,33056,97973,10,25,14,47,791,69.89361
182,33041,97932,12,31,15,41,813,69.99767
183,33034,97906,6,17,7,26,823,70.58656
184,33026,97883,7,26,8,23,834,70.85266
185,33014,97837,10,31,12,46,849,71.02987
186,33003,97803,5,13,11,34,862,71.36755
187,32996,97785,5,10,7,18,870,71.63184
188,32988,97768,7,24,8,17,879,71.61594
189,32980,97736,4,11,8,32,888,71.96114
190,32968,97697,8,25,12,39,900,72.12022
191,32958,97672,5,15,10,25,912,72.42281
192,32945,97627,9,20,13,45,926,72.75593
193,32935,97601,16,51,10,26,938,73.00819
194,32920,97567,9,26,15,34,957,73.43263
195,32907,97534,10,34,13,33,973,74.04812
196,32894,97496,9,30,13,38,987,74.45214
197,32876,97435,16,58,18,61,1009,74.66039
198,32864,97399,13,37,12,36,1025,75.29515
199,32853,97365,11,29,11,34,1040,75.63396
200,32844,97338,13,38,9,27,1052,76.00957
201,32835,97309,8,17,9,29,1061,76.15032
202,32828,97281,10,29,7,28,1070,76.26445
203,32814,97235,14,40,14,46,1089,76.28416
204,32808,97222,6,13,6,13,1097,76.42963
205,32793,97183,15,42,15,39,1115,76.43081
206,32782,97149,14,38,11,34,1128,76.79901
207,32775,97129,10,35,7,20,1136,77.05438
208,32765,97095,7,19,10,34,1146,77.15308
209,32760,97075,17,61,5,20,1154,77.10199
210,32749,97039,7,15,11,36,1168,77.11506
211,32740,97017,14,42,9,22,1177,77.38383
212,32728,96995,10,32,12,22,1192,77.64645
213,32718,96961,12,33,10,34,1203,77.85159
214,32705,96928,11,33,13,33,1217,78.23018
215,32690,96892,14,49,15,36,1236,78.33351
216,32683,96872,12,38,7,20,1245,78.50874
217,32672,96833,4,14,11,39,1259,78.50494
218,32656,96786,8,26,16,47,1282,78.75457
219,32647,96763,16,46,9,23,1292,79.19994
220,32639,96739,11,26,8,24,1303,79.45934
221,32629,96707,6,18,10,32,1317,79.66531
222,32614,96656,10,31,15,51,1335,79.66882
223,32605,96629,8,24,9,27,1345,80.06668
224,32599,96609,13,39,6,20,1353,80.05087
225,32590,96585,11,37,9,24,1363,80.16524
226,32583,96558,13,35,7,27,1372,80.27617
227,32569,96511,9,25,14,47,1390,80.4352
228,32559,96481,18,55,10,30,1403,80.67225
229,32550,96449,15,41,9,32,1416,80.74942
230,32540,96420,10,17,10,29,1428,81.03277
231,32532,96395,8,17,8,25,1439,81.34998
232,32516,96344,12,33,16,51,1457,81.50499
233,32500,96293,10,31,16,51,1480,81.88494
234,32488,96256,15,51,12,37,1494,82.28967
235,32478,96222,14,34,10,34,1508,82.56135
236,32465,96181,10,35,13,41,1524,82.50586
237,32455,96156,10,25,10,25,1536,82.64142
238,32447,96133,11,23,8,23,1546,82.90472
239,32438,96110,13,35,9,23,1558,82.92094
240,32427,96075,12,39,11,35,1573,82.9623
241,32417,96043,12,45,10,32,1584,83.05286
242,32411,96020,13,38,6,23,1592,83.24503
243,32404,95997,10,31,7,23,1602,83.33949
244,32398,95985,6,14,6,12,1609,83.49673
245,32390,95960,3,8,8,25,1617,83.53715
246,32380,95929,12,39,10,31,1629,83.63955
247,32372,95900,10,32,8,29,1639,83.71889
248,32362,95868,7,24,10,32,1652,83.91937
249,32351,95833,9,25,11,35,1666,84.11227
250,32337,95785,12,27,14,48,1682,84.27398
251,32329,95756,7,19,8,29,1693,84.58199
252,32320,95732,14,41,9,24,1704,84.70004
253,32309,95700,12,43,11,32,1716,84.6076
254,32294,95650,8,21,15,50,1736,84.77321
255,32283,95612,14,46,11,38,1751,84.76897
256,32277,95588,12,39,6,24,1758,84.85094
257,32266,95554,8,21,11,34,1773,84.87272
258,32249,95513,15,35,17,41,1792,85.23219
259,32241,95483,14,47,8,30,1801,85.26196
260,32230,95454,7,20,11,29,1817,85.18629
261,32218,95417,15,51,12,37,1830,85.30912
262,32210,95394,15,39,8,23,1841,85.52538
263,32201,95374,13,44,9,20,1852,85.68717
264,32193,95349,10,33,8,25,1860,85.76651
265,32183,95316,12,35,10,33,1873,85.91219
266,32173,95286,12,35,10,30,1883,86.10268
267,32159,95248,13,45,14,38,1899,86.17221
268,32147,95223,14,31,12,25,1913,86.34534
269,32139,95196,15,47,8,27,1922,86.61932
270,32126,95161,14,48,13,35,1937,86.70484
271,32116,95125,10,28,10,36,1951,86.82092
272,32106,95092,9,33,10,33,1961,86.82968
273,32097,95067,8,25,9,25,1971,86.89003
274,32087,95044,13,37,10,23,1982,87.05723
275,32081,95024,12,38,6,20,1989,87.16669
276,32072,95003,14,40,9,21,2000,87.18613
277,32058,94964,8,27,14,39,2015,87.23708
278,32049,94939,11,26,9,25,2026,87.53542
279,32042,94919,5,17,7,20,2035,87.5015
280,32030,94890,11,28,12,29,2052,87.54439
281,32022,94872,8,27,8,18,2060,87.70986
282,32010,94840,12,40,12,32,2074,87.69187
283,32000,94811,5,19,10,29,2085,87.92437
284,31985,94754,10,25,15,57,2103,88.09869
285,31974,94726,14,47,11,28,2118,88.02576
286,31964,94697,9,18,10,29,2130,88.18687
287,31954,94670,15,55,10,27,2143,88.31817
288,31943,94630,8,27,11,40,2156,88.40591
289,31933,94598,11,36,10,32,2168,88.50014
290,31923,94572,10,24,10,26,2181,88.62643
291,31913,94538,14,36,10,34,2197,88.7091
292,31910,94531,19,58,3,7,2202,88.88792
293,31901,94501,12,33,9,30,2212,88.96793
294,31893,94476,11,37,8,25,2225,89.18118
295,31888,94465,7,21,5,11,2231,89.19225
296,31873,94413,17,47,15,52,2253,89.23434
297,31863,94384,9,25,10,29,2266,89.4575
298,31852,94346,15,39,11,38,2279,89.52274
299,31843,94318,11,30,9,28,2290,89.6347
300,31836,94291,12,39,7,27,2299,89.71843
301,31825,94260,30,87,11,31,2312,89.76546
302,31819,94238,24,61,6,22,2319,89.86715
303,31808,94202,19,50,11,36,2332,89.87812
304,31799,94175,24,53,9,27,2344,90.00164
305,31779,94119,31,87,20,56,2371,90.05557
306,31769,94085,32,95,10,34,2383,90.13863
307,31759,94051,28,75,10,34,2394,90.26254
308,31751,94029,30,82,8,22,2404,90.40175
309,31737,93986,34,89,14,43,2421,90.48071
310,31724,93947,29,86,13,39,2440,90.70396
311,31718,93934,30,105,6,13,2446,90.74546
312,31701,93889,20,60,17,45,2467,90.79247
313,31685,93841,33,106,16,48,2489,90.90467
314,31674,93802,30,80,11,39,2503,91.10101
315,31661,93759,34,94,13,43,2520,91.21593
316,31645,93711,31,88,16,48,2538,91.43773
317,31629,93661,21,74,16,50,2558,91.52153
318,31619,93634,30,87,10,27,2570,91.65864
319,31611,93609,22,68,8,25,2580,91.84983
320,31599,93577,31,98,12,32,2595,91.94403
321,31585,93528,26,74,14,49,2610,91.99167
322,31575,93493,20,54,10,35,2624,92.33604
323,31563,93460,35,94,12,33,2638,92.29473
324,31549,93409,27,81,14,51,2658,92.36079
325,31539,93373,34,97,10,36,2671,92.35635
326,31529,93344,36,112,10,29,2682,92.36958
327,31513,93309,28,82,16,35,2702,92.52646
328,31505,93281,22,75,8,28,2711,92.61793
329,31496,93256,42,128,9,25,2722,92.68737
330,31486,93219,34,103,10,37,2733,92.7869
331,31472,93181,35,94,14,38,2751,92.85298
332,31460,93145,23,65,12,36,2767,92.86205
333,31444,93101,25,75,16,44,2787,92.85534
334,31429,93063,25,78,15,38,2805,92.79389
335,31415,93012,27,75,14,51,2825,92.85851
336,31410,92997,28,79,5,15,2832,92.84325
337,31396,92959,32,86,14,38,2847,92.8772
338,31380,92915,23,62,16,44,2866,92.88768
339,31372,92895,19,70,8,20,2878,92.99841
340,31360,92865,16,43,12,30,2893,92.96111
341,31345,92824,37,105,15,41,2911,92.95028
342,31332,92784,21,53,13,40,2927,92.91618
343,31321,92755,21,76,11,29,2941,92.91989
344,31314,92732,24,70,7,23,2950,92.9847
345,31302,92692,30,88,12,40,2964,92.96385
346,31293,92663,31,80,9,29,2974,92.9118
347,31282,92633,42,119,11,30,2987,92.97416
348,31262,92573,31,103,20,60,3010,93.13822
349,31253,92542,36,91,9,31,3022,93.08411
350,31237,92490,43,139,16,52,3041,93.08101
351,31219,92443,34,98,18,47,3063,93.05896
352,31209,92408,32,98,10,35,3080,93.27985
353,31194,92365,38,112,15,43,3100,93.24023
354,31183,92333,25,71,11,32,3113,93.25065
355,31167,92277,27,73,16,56,3132,93.26682
356,31151,92230,30,87,16,47,3154,93.4269
357,31140,92199,25,71,11,31,3167,93.30247
358,31125,92146,29,82,15,53,3186,93.24562
359,31112,92108,26,77,13,38,3199,93.32159
360,31106,92081,30,88,6,27,3208,93.327
361,31091,92040,21,66,15,41,3225,93.3755
362,31073,91986,27,71,18,54,3250,93.33173
363,31065,91966,24,74,8,20,3260,93.32732
364,31057,91948,27,80,8,18,3270,93.33831
365,31039,91898,26,67,18,50,3292,93.21652
366,31024,91860,32,95,15,38,3308,93.23556
367,31009,91804,30,78,15,56,3328,93.32858
368,30995,91759,30,84,14,45,3345,93.19288
369,30984,91728,35,104,11,31,3359,93.22708
370,30970,91682,31,84,14,46,3376,93.14086
371,30954,91634,27,73,16,48,3395,93.08893
372,30943,91603,23,71,11,31,3409,93.17319
373,30930,91561,22,54,13,42,3427,93.10173
374,30917,91526,31,79,13,35,3442,93.05656
375,30907,91493,24,65,10,33,3454,93.05686
376,30888,91432,21,57,19,61,3476,93.01111
377,30874,91389,25,85,14,43,3495,92.9723
378,30862,91357,35,97,12,32,3509,93.1027
379,30852,91331,27,82,10,26,3523,92.98607
380,30837,91287,28,85,15,44,3540,92.96119
381,30819,91229,33,98,18,58,3561,93.00533
382,30804,91181,28,87,15,48,3579,93.06374
383,30789,91137,24,73,15,44,3597,93.06213
384,30772,91097,29,77,17,40,3619,93.12964
385,30758,91051,29,79,14,46,3636,93.11994
386,30744,91015,29,103,14,36,3655,93.0719
387,30733,90980,28,77,11,35,3672,93.05212
388,30718,90929,23,63,15,51,3689,93.00241
389,30706,90898,29,89,12,31,3703,92.95792
390,30693,90858,22,57,13,40,3719,92.97961
391,30677,90813,24,58,16,45,3739,93.00076
392,30658,90757,36,99,19,56,3762,93.02518
393,30649,90725,28,88,9,32,3774,93.04983
