Assets/WUInity/Farsite/test_dataset/Ashley/output/test.fml
NCOLS 382
NROWS 266
XLLCORNER 157819.328125
YLLCORNER 384678.625000
CELLSIZE 30.000000
NODATA_VALUE -1
[rows 102 to 135 of 266, columns 231 to 307 of 382]
-1.00 -1.00 -1.00 -1.00 -1.00 -1.00 -1.00 -1.00 -1.00 -1.00 -1.00 -1.00 -1.00 -1.00 -1.00 -1.00 -1.00 -1.00 -1.00 -1.00 -1.00 -1.00 -1.00 -1.00 -1.00 -1.00 -1.00 -1.00 -1.00 -1.00 -1.00 -1.00 -1.00 -1.00 -1.00 -1.00 -1.00 -1.00 -1.00 -1.00 -1.00 -1.00 -1.00 -1.00 -1.00 -1.00 -1.00 -1.00 -1.00 -1.00 -1.00 -1.00 -1.00 -1.00 -1.00 -1.00 -1.00 -1.00 -1.00 -1.00 -1.00 -1.00 -1.00 -1.00 -1.00 -1.00 -1.00 -1.00 -1.00 -1.00 -1.00 -1.00 -1.00 -1.00 -1.00 -1.00 -1.00
-1.00 -1.00 -1.00 -1.00 -1.00 -1.00 -1.00 -1.00 -1.00 -1.00 -1.00 -1.00 -1.00 -1.00 -1.00 -1.00 -1.00 -1.00 -1.00 -1.00 -1.00 -1.00 -1.00 -1.00 -1.00 -1.00 -1.00 -1.00 -1.00 -1.00 -1.00 -1.00 -1.00 -1.00 -1.00 -1.00 -1.00 -1.00 -1.00 -1.00 -1.00 -1.00 -1.00 -1.00 -1.00 -1.00 -1.00 -1.00 -1.00 -1.00 -1.00 -1.00 -1.00 -1.00 -1.00 -1.00 -1.00 -1.00 -1.00 -1.00 -1.00 -1.00 -1.00 -1.00 -1.00 -1.00 -1.00 -1.00 -1.00 -1.00 -1.00 -1.00 -1.00 -1.00 -1.00 -1.00 -1.00
-1.00 -1.00 -1.00 -1.00 -1.00 -1.00 -1.00 -1.00 -1.00 -1.00 -1.00 -1.00 -1.00 -1.00 -1.00 -1.00 -1.00 -1.00 -1.00 -1.00 -1.00 -1.00 -1.00 -1.00 -1.00 -1.00 -1.00 -1.00 -1.00 -1.00 -1.00 -1.00 -1.00 -1.00 -1.00 -1.00 -1.00 -1.00 -1.00 -1.00 -1.00 -1.00 -1.00 -1.00 -1.00 -1.00 -1.00 -1.00 -1.00 -1.00 -1.00 -1.00 -1.00 -1.00 -1.00 -1.00 -1.00 -1.00 -1.00 -1.00 -1.00 -1.00 -1.00 -1.00 -1.00 -1.00 -1.00 -1.00 -1.00 -1.00 -1.00 -1.00 -1.00 -1.00 -1.00 -1.00 -1.00
-1.00 -1.00 -1.00 -1.00 -1.00 -1.00 -1.00 -1.00 -1.00 -1.00 -1.00 -1.00 -1.00 -1.00 -1.00 -1.00 -1.00 -1.00 -1.00 -1.00 -1.00 -1.00 -1.00 -1.00 -1.00 -1.00 -1.00 -1.00 -1.00 -1.00 -1.00 -1.00 -1.00 -1.00 -1.00 -1.00 -1.00 -1.00 -1.00 -1.00 -1.00 -1.00 -1.00 -1.00 -1.00 -1.00 -1.00 -1.00 -1.00 -1.00 -1.00 -1.00 -1.00 -1.00 -1.00 -1.00 -1.00 -1.00 -1.00 -1.00 -1.00 -1.00 -1.00 -1.00 -1.00 -1.00 -1.00 -1.00 -1.00 -1.00 -1.00 -1.00 -1.00 -1.00 -1.00 -1.00 -1.00
-1.00 -1.00 -1.00 -1.00 -1.00 -1.00 -1.00 -1.00 -1.00 -1.00 -1.00 -1.00 -1.00 -1.00 -1.00 -1.00 -1.00 -1.00 -1.00 -1.00 -1.00 -1.00 -1.00 -1.00 -1.00 -1.00 -1.00 -1.00 -1.00 -1.00 -1.00 -1.00 -1.00 -1.00 -1.00 -1.00 -1.00 -1.00 -1.00 -1.00 -1.00 -1.00 -1.00 -1.00 -1.00 -1.00 -1.00 -1.00 -1.00 -1.00 -1.00 -1.00 -1.00 -1.00 -1.00 -1.00 -1.00 -1.00 -1.00 -1.00 -1.00 -1.00 -1.00 -1.00 -1.00 -1.00 -1.00 -1.00 -1.00 -1.00 -1.00 -1.00 -1.00 -1.00 -1.00 -1.00 -1.00
-1.00 -1.00 -1.00 -1.00 -1.00 -1.00 -1.00 -1.00 -1.00 -1.00 -1.00 -1.00 -1.00 -1.00 -1.00 -1.00 -1.00 -1.00 -1.00 -1.00 -1.00 -1.00 -1.00 -1.00 -1.00 -1.00 -1.00 -1.00 -1.00 -1.00 -1.00 -1.00 -1.00 -1.00 -1.00 -1.00 -1.00 -1.00 -1.00 -1.00 -1.00 -1.00 -1.00 -1.00 -1.00 -1.00 -1.00 -1.00 -1.00 -1.00 -1.00 -1.00 -1.00 -1.00 -1.00 -1.00 -1.00 -1.00 -1.00 -1.00 -1.00 -1.00 -1.00 -1.00 -1.00 -1.00 -1.00 -1.00 -1.00 -1.00 -1.00 -1.00 -1.00 -1.00 -1.00 -1.00 -1.00
-1.00 -1.00 -1.00 -1.00 -1.00 -1.00 -1.00 -1.00 -1.00 -1.00 -1.00 -1.00 -1.00 -1.00 -1.00 -1.00 -1.00 -1.00 -1.00 -1.00 -1.00 -1.00 -1.00 -1.00 -1.00 -1.00 -1.00 -1.00 -1.00 -1.00 -1.00 -1.00 -1.00 -1.00 -1.00 -1.00 -1.00 -1.00 -1.00 -1.00 -1.00 -1.00 -1.00 -1.00 -1.00 -1.00 -1.00 -1.00 -1.00 -1.00 -1.00 -1.00 -1.00 -1.00 -1.00 -1.00 -1.00 -1.00 -1.00 -1.00 -1.00 -1.00 -1.00 -1.00 -1.00 -1.00 -1.00 -1.00 -1.00 -1.00 -1.00 -1.00 -1.00 -1.00 -1.00 -1.00 -1.00
-1.00 -1.00 -1.00 -1.00 -1.00 -1.00 -1.00 -1.00 -1.00 -1.00 -1.00 -1.00 -1.00 -1.00 -1.00 -1.00 -1.00 -1.00 -1.00 -1.00 -1.00 -1.00 -1.00 -1.00 -1.00 -1.00 -1.00 -1.00 -1.00 -1.00 -1.00 -1.00 -1.00 -1.00 -1.00 -1.00 -1.00 -1.00 -1.00 -1.00 -1.00 -1.00 -1.00 -1.00 -1.00 -1.00 -1.00 -1.00 -1.00 -1.00 -1.00 -1.00 -1.00 -1.00 -1.00 -1.00 -1.00 -1.00 -1.00 -1.00 -1.00 -1.00 -1.00 -1.00 -1.00 -1.00 -1.00 -1.00 -1.00 -1.00 -1.00 -1.00 -1.00 -1.00 -1.00 -1.00 -1.00
-1.00 -1.00 -1.00 -1.00 -1.00 -1.00 -1.00 -1.00 -1.00 -1.00 -1.00 -1.00 -1.00 -1.00 -1.00 -1.00 -1.00 -1.00 -1.00 -1.00 -1.00 -1.00 -1.00 -1.00 -1.00 -1.00 -1.00 -1.00 -1.00 -1.00 -1.00 -1.00 -1.00 -1.00 -1.00 -1.00 -1.00 -1.00 -1.00 -1.00 -1.00 -1.00 -1.00 -1.00 -1.00 -1.00 -1.00 -1.00 -1.00 -1.00 -1.00 -1.00 -1.00 -1.00 -1.00 -1.00 -1.00 -1.00 -1.00 -1.00 -1.00 -1.00 -1.00 -1.00 -1.00 -1.00 -1.00 -1.00 -1.00 -1.00 -1.00 -1.00 -1.00 -1.00 -1.00 -1.00 -1.00
00.15 -1.00 -1.00 -1.00 -1.00 -1.00 -1.00 -1.00 -1.00 -1.00 -1.00 -1.00 -1.00 -1.00 -1.00 -1.00 -1.00 -1.00 -1.00 -1.00 -1.00 -1.00 -1.00 -1.00 -1.00 -1.00 -1.00 -1.00 -1.00 -1.00 -1.00 -1.00 -1.00 -1.00 -1.00 -1.00 -1.00 -1.00 -1.00 -1.00 -1.00 -1.00 -1.00 -1.00 -1.00 -1.00 -1.00 -1.00 -1.00 -1.00 -1.00 -1.00 -1.00 -1.00 -1.00 -1.00 -1.00 -1.00 -1.00 -1.00 -1.00 -1.00 -1.00 -1.00 -1.00 -1.00 -1.00 -1.00 -1.00 -1.00 -1.00 -1.00 -1.00 -1.00 -1.00 -1.00 -1.00
-1.00 -1.00 -1.00 -1.00 -1.00 -1.00 -1.00 -1.00 -1.00 -1.00 -1.00 -1.00 -1.00 -1.00 -1.00 -1.00 -1.00 -1.00 -1.00 -1.00 -1.00 -1.00 -1.00 -1.00 -1.00 -1.00 -1.00 -1.00 -1.00 -1.00 -1.00 -1.00 -1.00 -1.00 -1.00 -1.00 -1.00 -1.00 -1.00 -1.00 -1.00 -1.00 -1.00 -1.00 -1.00 -1.00 -1.00 -1.00 -1.00 -1.00 -1.00 -1.00 -1.00 -1.00 -1.00 -1.00 -1.00 -1.00 -1.00 -1.00 -1.00 -1.00 -1.00 -1.00 -1.00 -1.00 -1.00 -1.00 -1.00 -1.00 -1.00 -1.00 -1.00 -1.00 -1.00 -1.00 -1.00
-1.00 -1.00 -1.00 -1.00 -1.00 -1.00 -1.00 -1.00 -1.00 -1.00 -1.00 -1.00 -1.00 -1.00 -1.00 -1.00 -1.00 -1.00 -1.00 -1.00 -1.00 -1.00 -1.00 -1.00 -1.00 -1.00 -1.00 -1.00 -1.00 -1.00 -1.00 -1.00 -1.00 -1.00 -1.00 -1.00 -1.00 -1.00 -1.00 -1.00 -1.00 -1.00 -1.00 -1.00 -1.00 -1.00 -1.00 -1.00 -1.00 -1.00 -1.00 -1.00 -1.00 -1.00 -1.00 -1.00 -1.00 -1.00 -1.00 -1.00 -1.00 -1.00 -1.00 -1.00 -1.00 -1.00 -1.00 -1.00 -1.00 -1.00 -1.00 -1.00 -1.00 -1.00 -1.00 -1.00 -1.00
-1.00 -1.00 -1.00 -1.00 -1.00 -1.00 -1.00 -1.00 -1.00 -1.00 -1.00 -1.00 -1.00 -1.00 -1.00 -1.00 -1.00 -1.00 -1.00 -1.00 -1.00 -1.00 -1.00 -1.00 -1.00 -1.00 -1.00 -1.00 -1.00 -1.00 -1.00 -1.00 -1.00 -1.00 -1.00 -1.00 -1.00 -1.00 -1.00 -1.00 -1.00 -1.00 -1.00 -1.00 -1.00 -1.00 -1.00 -1.00 -1.00 -1.00 -1.00 -1.00 -1.00 -1.00 -1.00 -1.00 -1.00 -1.00 -1.00 -1.00 -1.00 -1.00 -1.00 -1.00 -1.00 -1.00 -1.00 -1.00 -1.00 -1.00 -1.00 -1.00 -1.00 -1.00 -1.00 -1.00 -1.00
-1.00 -1.00 -1.00 -1.00 -1.00 -1.00 -1.00 -1.00 -1.00 -1.00 -1.00 -1.00 -1.00 -1.00 -1.00 -1.00 -1.00 -1.00 -1.00 -1.00 -1.00 -1.00 -1.00 -1.00 -1.00 -1.00 -1.00 -1.00 -1.00 -1.00 -1.00 -1.00 -1.00 -1.00 -1.00 -1.00 -1.00 -1.00 -1.00 -1.00 -1.00 -1.00 -1.00 -1.00 -1.00 -1.00 -1.00 -1.00 -1.00 -1.00 -1.00 -1.00 -1.00 -1.00 -1.00 -1.00 -1.00 -1.00 -1.00 -1.00 -1.00 -1.00 -1.00 -1.00 -1.00 -1.00 -1.00 -1.00 -1.00 -1.00 -1.00 -1.00 -1.00 -1.00 -1.00 -1.00 -1.00
-1.00 -1.00 -1.00 -1.00 -1.00 -1.00 -1.00 -1.00 -1.00 -1.00 -1.00 -1.00 -1.00 -1.00 -1.00 -1.00 -1.00 -1.00 -1.00 -1.00 -1.00 -1.00 -1.00 -1.00 -1.00 -1.00 -1.00 -1.00 -1.00 -1.00 -1.00 -1.00 -1.00 -1.00 -1.00 -1.00 -1.00 -1.00 -1.00 -1.00 -1.00 -1.00 -1.00 -1.00 -1.00 -1.00 -1.00 -1.00 -1.00 -1.00 -1.00 -1.00 -1.00 -1.00 -1.00 -1.00 -1.00 -1.00 -1.00 -1.00 -1.00 -1.00 -1.00 -1.00 -1.00 -1.00 -1.00 -1.00 -1.00 -1.00 -1.00 -1.00 -1.00 -1.00 -1.00 -1.00 -1.00
-1.00 -1.00 -1.00 -1.00 -1.00 -1.00 -1.00 -1.00 -1.00 -1.00 -1.00 -1.00 -1.00 -1.00 -1.00 -1.00 -1.00 -1.00 -1.00 -1.00 -1.00 -1.00 -1.00 -1.00 -1.00 -1.00 -1.00 -1.00 -1.00 -1.00 -1.00 -1.00 -1.00 -1.00 -1.00 -1.00 -1.00 -1.00 -1.00 -1.00 -1.00 -1.00 -1.00 -1.00 -1.00 -1.00 -1.00 -1.00 -1.00 -1.00 -1.00 00.58 00.60 00.61 00.61 00.57 00.58 00.57 00.58 00.56 00.55 00.55 00.55 00.56 00.58 00.58 00.58 00.56 -1.00 -1.00 -1.00 -1.00 -1.00 -1.00 -1.00 -1.00 -1.00
-1.00 -1.00 -1.00 -1.00 -1.00 -1.00 -1.00 -1.00 -1.00 -1.00 -1.00 -1.00 -1.00 -1.00 00.47 00.55 00.55 00.55 00.57 00.54 00.53 00.52 00.53 00.53 00.53 00.53 00.53 00.53 00.53 -1.00 -1.00 -1.00 -1.00 -1.00 -1.00 -1.00 -1.00 -1.00 -1.00 -1.00 -1.00 -1.00 -1.00 -1.00 -1.00 -1.00 -1.00 -1.00 -1.00 00.57 00.58 00.58 00.60 00.59 00.57 00.57 00.56 00.57 00.57 00.54 00.53 00.53 00.54 00.55 00.56 00.57 00.58 00.57 00.56 00.57 00.58 00.58 00.55 00.53 00.52 00.51 00.53
-1.00 -1.00 -1.00 -1.00 -1.00 -1.00 -1.00 -1.00 -1.00 -1.00 -1.00 -1.00 -1.00 00.54 00.53 00.53 00.53 00.53 00.55 00.55 00.55 00.55 00.55 00.55 00.55 00.55 00.55 00.55 00.55 00.56 00.58 00.58 00.56 00.56 -1.00 -1.00 -1.00 -1.00 -1.00 -1.00 -1.00 -1.00 -1.00 -1.00 -1.00 -1.00 -1.00 00.55 00.58 00.58 00.57 00.57 00.57 00.57 00.53 00.54 00.55 00.53 00.52 00.49 00.50 00.51 00.52 00.53 00.53 00.54 00.55 00.55 00.55 00.55 00.55 00.55 00.54 00.53 00.53 00.53 00.53
-1.00 -1.00 -1.00 -1.00 -1.00 -1.00 00.12 00.14 00.14 -1.00 -1.00 -1.00 -1.00 00.41 00.49 00.49 00.51 00.50 00.50 00.52 00.52 00.52 00.52 00.52 00.51 00.51 00.52 00.52 00.53 00.54 00.55 00.56 00.57 00.57 00.59 00.60 00.59 00.58 -1.00 -1.00 -1.00 -1.00 -1.00 -1.00 -1.00 00.53 00.56 00.56 00.56 00.55 00.54 00.55 00.55 00.51 00.51 00.52 00.52 00.50 00.45 00.37 00.39 00.42 00.48 00.68 00.54 00.53 00.52 00.49 00.48 00.49 00.48 00.47 00.47 00.48 00.48 00.49 00.54
-1.00 00.11 00.11 00.11 00.11 00.11 00.11 00.12 00.13 00.14 00.15 00.15 00.11 00.26 00.42 00.25 00.37 00.45 00.47 00.47 00.49 00.49 00.50 00.50 00.50 00.49 00.48 00.51 00.52 00.51 00.52 00.53 00.55 00.56 00.58 00.59 00.60 00.61 00.63 00.65 00.65 00.68 -1.00 00.51 00.55 00.56 00.54 00.54 00.52 00.50 00.51 00.48 00.40 00.47 00.40 00.52 00.54 00.42 00.63 00.68 00.61 00.87 00.57 00.83 01.04 01.03 01.01 00.89 00.76 00.80 00.80 00.77 00.66 00.87 00.86 01.01 01.09
00.10 00.37 00.47 00.45 00.42 00.23 00.25 00.14 00.10 00.11 00.13 00.13 00.54 00.42 00.43 00.49 00.48 00.47 00.08 00.31 00.35 00.39 00.39 00.36 00.33 00.30 00.26 00.42 00.44 00.47 00.48 00.52 00.52 00.53 00.55 00.56 00.58 00.60 00.63 00.65 00.66 00.66 00.62 00.56 00.53 00.53 00.52 00.49 00.30 00.45 00.47 00.48 00.55 00.64 00.58 00.38 00.69 00.71 00.87 00.97 00.90 00.81 00.72 00.97 01.08 01.06 01.09 00.96 01.03 01.01 00.89 00.97 00.98 00.98 01.06 01.15 01.20
00.21 00.28 00.38 00.37 00.45 00.48 00.39 00.23 00.11 00.11 00.10 00.08 00.10 00.24 00.51 00.56 00.53 00.53 00.50 00.49 00.50 00.49 00.49 00.49 00.49 00.50 00.50 00.47 00.47 00.42 00.34 00.42 00.47 00.50 00.54 00.55 00.58 00.61 00.63 00.66 00.71 00.74 00.83 00.54 00.50 00.48 00.35 00.47 00.52 00.54 00.53 00.53 00.61 00.72 00.65 00.61 00.12 00.47 00.87 00.88 00.79 00.74 00.87 00.97 01.01 01.02 01.04 01.01 01.02 00.99 01.00 00.98 00.98 01.02 01.11 01.16 01.19
00.51 00.44 00.45 00.48 00.49 00.51 00.52 00.60 00.43 00.25 00.13 00.12 00.12 00.53 00.64 00.61 00.58 00.58 00.58 00.58 00.55 00.55 00.54 00.55 00.55 00.55 00.58 00.50 00.51 00.51 00.50 00.48 00.48 00.36 00.35 00.56 00.63 00.61 00.64 00.68 00.76 00.71 00.57 00.52 00.47 00.42 00.51 00.53 00.68 00.77 00.83 00.91 00.73 00.77 00.69 00.66 00.53 00.44 00.78 00.79 00.68 00.68 00.84 00.91 00.94 00.95 01.01 00.96 00.97 01.00 01.01 00.97 01.04 01.10 01.18 01.19 01.19
00.52 00.45 00.47 00.48 00.51 00.57 00.59 00.61 00.64 00.66 00.67 00.68 00.70 00.70 00.71 00.71 00.72 00.59 00.62 00.58 00.57 00.57 00.57 00.56 00.58 00.60 00.60 00.60 00.58 00.59 00.51 00.52 00.56 00.53 00.42 00.26 00.48 00.68 00.64 00.71 00.77 00.87 00.47 00.49 00.09 00.45 00.65 00.74 00.94 01.06 00.91 00.94 00.83 00.80 00.78 00.68 00.57 00.46 00.69 00.67 00.58 00.66 00.80 00.86 00.90 00.96 00.99 01.02 01.03 00.98 01.01 01.03 01.08 01.21 01.27 01.19 01.21
00.50 00.65 00.65 00.55 00.60 00.63 00.68 00.71 00.75 00.76 00.78 00.80 00.79 00.81 00.84 00.85 00.75 00.77 00.81 00.95 01.28 01.37 01.63 01.83 01.11 00.96 00.84 00.63 00.61 00.60 00.60 00.58 00.58 00.55 00.48 00.08 00.25 00.44 00.51 00.65 00.68 00.33 00.42 00.09 00.23 00.76 00.97 01.05 01.13 01.17 01.01 00.91 00.85 00.84 00.83 00.74 00.60 00.16 00.66 00.59 00.61 00.65 00.80 00.86 00.91 00.97 01.03 01.02 01.01 00.99 01.06 01.10 01.16 01.22 01.27 01.23 01.20
00.69 00.57 00.69 00.68 00.74 00.71 00.87 00.92 00.98 00.98 00.99 00.89 00.97 01.00 00.88 00.88 00.94 01.50 01.48 01.50 01.65 01.81 01.96 02.03 01.88 01.66 01.40 01.05 00.74 00.72 00.76 00.77 00.47 00.37 00.39 00.12 00.18 00.14 00.14 00.14 00.13 00.12 00.19 00.09 00.78 00.97 01.15 01.14 01.22 01.15 01.03 00.94 00.84 00.89 00.95 00.82 00.64 00.49 00.64 00.33 00.59 00.74 00.83 00.86 00.92 00.99 01.01 01.01 01.01 01.04 01.07 01.11 01.20 01.22 01.27 01.24 01.15
00.70 00.71 00.76 00.84 00.75 00.99 01.05 01.08 01.11 01.11 01.03 00.98 01.02 01.03 01.08 01.15 01.61 01.78 01.89 01.90 01.80 01.87 02.01 02.05 02.02 01.99 01.98 01.97 01.76 01.12 01.10 00.64 00.12 00.07 00.12 00.19 00.20 00.21 00.20 00.22 -1.00 00.14 00.11 00.10 00.86 01.03 01.14 01.12 01.18 01.22 01.04 00.95 00.86 00.93 01.01 00.89 00.71 00.60 00.28 00.20 00.66 00.77 00.85 00.92 00.95 01.00 01.00 01.18 01.04 01.03 01.05 01.12 01.19 01.21 01.28 01.25 01.19
00.81 00.81 00.82 00.89 01.06 01.05 01.10 01.12 01.15 01.16 01.04 01.03 01.04 01.11 01.17 01.16 01.82 01.93 02.09 02.07 01.90 01.86 01.97 02.01 02.00 02.01 02.00 02.00 01.87 01.61 01.32 00.47 00.14 00.14 00.09 00.17 00.17 00.20 00.21 00.22 -1.00 00.13 00.07 00.12 00.95 01.08 01.15 01.06 01.10 01.21 01.03 00.99 00.87 00.97 01.00 00.97 00.73 00.58 00.38 00.24 00.67 00.81 00.90 00.97 00.98 01.04 01.02 01.12 01.05 01.03 01.02 01.08 01.11 01.20 01.29 01.25 01.18
00.87 01.02 01.15 01.08 01.20 01.08 01.12 01.18 01.22 01.25 01.03 01.15 01.21 01.30 01.28 01.19 01.70 01.88 02.06 02.09 02.07 01.99 01.92 01.94 01.99 02.05 02.07 02.01 01.79 01.62 01.23 00.25 00.17 00.15 00.11 00.14 00.17 00.18 00.19 00.21 -1.00 00.13 00.09 00.77 00.93 00.98 01.07 00.98 01.05 01.15 01.13 00.99 00.87 01.00 01.12 01.07 00.73 00.57 00.49 00.31 00.68 00.85 00.92 00.97 01.03 01.04 01.09 01.07 01.01 01.03 00.97 01.02 01.09 01.20 01.25 01.21 01.17
01.09 01.22 01.18 01.29 01.12 01.14 01.18 01.23 01.29 01.09 01.17 01.21 01.34 01.46 01.33 01.18 01.53 01.74 01.93 02.04 02.07 01.99 01.86 01.88 01.95 02.02 02.08 02.01 01.79 01.54 01.11 00.36 00.20 00.15 00.12 00.11 00.16 00.17 00.20 -1.00 00.13 00.12 00.10 00.62 01.01 00.99 00.99 00.94 00.99 01.03 01.09 00.93 00.87 01.01 01.17 01.15 00.70 00.57 00.47 00.40 00.57 00.85 00.92 00.99 01.29 01.19 01.03 01.00 00.99 00.97 00.94 01.03 01.12 01.16 01.23 01.12 01.08
01.27 01.27 01.20 01.17 01.15 01.18 01.29 01.39 01.27 01.16 01.23 01.29 01.44 01.46 01.37 01.16 01.41 01.64 01.88 02.04 02.09 02.02 01.91 01.93 01.99 02.04 02.07 02.05 02.03 01.42 01.01 00.67 00.34 00.15 00.10 00.13 00.16 00.17 -1.00 -1.00 00.13 00.07 00.11 01.17 01.13 01.09 00.97 00.88 00.96 01.02 01.04 00.87 00.85 01.10 01.15 01.07 00.67 00.56 00.44 00.52 00.58 00.87 00.93 01.19 01.15 01.06 00.97 00.95 00.95 00.92 00.98 01.05 01.03 01.08 01.02 00.93 00.86
01.31 01.32 01.18 01.17 01.27 01.31 01.40 01.36 01.19 01.20 01.26 01.34 01.46 01.40 01.35 01.16 01.35 01.53 01.67 01.92 01.95 01.92 01.85 01.90 01.95 02.01 02.10 03.35 01.96 01.43 00.96 00.79 00.89 00.11 00.11 00.14 00.17 00.19 -1.00 -1.00 00.12 00.10 00.14 01.31 01.31 01.24 01.04 00.90 00.90 01.04 01.03 00.86 00.91 01.12 01.15 01.05 00.64 00.55 00.39 00.58 00.65 00.89 00.96 01.14 01.06 00.92 00.89 00.92 00.84 00.92 00.93 00.96 00.96 00.95 00.63 00.61 00.56
01.29 01.31 01.31 01.30 01.30 01.40 01.46 01.34 01.17 01.27 01.30 01.42 01.46 01.43 01.35 01.57 01.35 01.48 01.59 01.73 01.83 01.82 01.80 01.83 01.87 01.95 02.03 02.05 01.79 01.28 00.91 00.43 00.11 00.10 00.16 00.17 00.17 00.17 00.18 00.19 00.10 00.11 01.06 01.21 01.27 01.29 01.06 00.87 00.85 00.97 00.99 00.93 00.94 01.11 01.21 00.91 00.62 00.52 00.37 00.56 00.77 00.89 01.15 01.07 00.97 00.86 00.85 00.82 00.89 00.92 01.01 00.64 00.63 00.64 00.64 00.58 00.55
01.37 01.29 01.30 01.30 01.39 01.53 01.48 01.30 01.25 01.31 01.37 01.52 01.54 01.56 01.31 01.30 01.50 01.43 01.52 01.60 01.67 01.74 01.76 01.73 01.76 01.84 01.91 01.85 01.73 01.22 00.85 00.12 00.10 00.13 00.18 00.18 00.16 00.16 00.16 00.12 00.05 00.14 00.97 01.24 01.30 01.33 01.13 00.89 00.85 00.88 00.92 00.91 00.99 01.13 00.99 00.79 00.61 00.52 00.39 00.56 00.79 00.96 01.03 00.98 00.95 00.80 00.75 00.83 00.89 01.04 00.62 00.61 00.64 00.66 00.55 00.45 00.16
