Assets/WUInity/Farsite/test_dataset/Ashley/output/test.ros
NCOLS 382
NROWS 266
XLLCORNER 157819.328125
YLLCORNER 384678.625000
CELLSIZE 30.000000
NODATA_VALUE -1
[rows 34 to 67 of 266, columns 154 to 230 of 382]
-1.00 -1.00 -1.00 -1.00 -1.00 -1.00 -1.00 -1.00 -1.00 -1.00 -1.00 -1.00 -1.00 -1.00 -1.00 -1.00 -1.00 -1.00 -1.00 -1.00 -1.00 -1.00 -1.00 -1.00 -1.00 -1.00 -1.00 -1.00 -1.00 -1.00 -1.00 -1.00 -1.00 -1.00 -1.00 -1.00 -1.00 -1.00 -1.00 -1.00 -1.00 -1.00 -1.00 -1.00 -1.00 -1.00 -1.00 -1.00 -1.00 -1.00 -1.00 -1.00 -1.00 -1.00 -1.00 -1.00 -1.00 -1.00 -1.00 -1.00 -1.00 -1.00 -1.00 -1.00 -1.00 -1.00 -1.00 -1.00 -1.00 -1.00 -1.00 -1.00 -1.00 -1.00 -1.00 -1.00 -1.00
-1.00 -1.00 -1.00 -1.00 -1.00 -1.00 -1.00 -1.00 -1.00 -1.00 -1.00 -1.00 -1.00 -1.00 -1.00 -1.00 -1.00 -1.00 -1.00 -1.00 -1.00 -1.00 -1.00 -1.00 -1.00 -1.00 -1.00 -1.00 -1.00 -1.00 -1.00 -1.00 -1.00 -1.00 -1.00 -1.00 -1.00 00.49 00.66 00.76 00.80 00.80 00.91 01.03 01.13 01.09 00.97 -1.00 -1.00 -1.00 -1.00 -1.00 -1.00 -1.00 -1.00 -1.00 -1.00 -1.00 -1.00 -1.00 -1.00 -1.00 -1.00 -1.00 -1.00 -1.00 -1.00 -1.00 -1.00 -1.00 -1.00 -1.00 -1.00 -1.00 -1.00 -1.00 -1.00
-1.00 -1.00 -1.00 -1.00 -1.00 -1.00 -1.00 -1.00 -1.00 -1.00 -1.00 -1.00 -1.00 -1.00 -1.00 -1.00 -1.00 -1.00 -1.00 -1.00 -1.00 -1.00 -1.00 -1.00 -1.00 -1.00 -1.00 -1.00 -1.00 -1.00 -1.00 -1.00 -1.00 -1.00 -1.00 -1.00 00.33 00.94 01.33 01.23 01.16 01.15 01.15 01.15 01.23 01.28 01.10 00.97 -1.00 -1.00 -1.00 -1.00 -1.00 -1.00 -1.00 -1.00 -1.00 -1.00 -1.00 -1.00 -1.00 -1.00 -1.00 -1.00 -1.00 -1.00 -1.00 -1.00 -1.00 -1.00 -1.00 -1.00 -1.00 -1.00 -1.00 -1.00 -1.00
-1.00 -1.00 -1.00 -1.00 -1.00 -1.00 -1.00 -1.00 -1.00 -1.00 -1.00 -1.00 -1.00 -1.00 -1.00 -1.00 -1.00 -1.00 -1.00 -1.00 -1.00 -1.00 -1.00 -1.00 -1.00 -1.00 -1.00 -1.00 -1.00 -1.00 -1.00 -1.00 -1.00 -1.00 -1.00 00.30 00.61 00.93 01.18 01.26 01.35 01.33 01.27 01.27 01.36 01.46 01.26 00.99 00.99 00.78 -1.00 -1.00 -1.00 -1.00 -1.00 -1.00 -1.00 -1.00 -1.00 -1.00 -1.00 -1.00 -1.00 -1.00 -1.00 -1.00 -1.00 -1.00 -1.00 -1.00 -1.00 -1.00 -1.00 -1.00 -1.00 -1.00 -1.00
-1.00 -1.00 -1.00 -1.00 -1.00 -1.00 -1.00 -1.00 -1.00 -1.00 -1.00 -1.00 -1.00 -1.00 -1.00 -1.00 -1.00 -1.00 -1.00 -1.00 -1.00 -1.00 -1.00 -1.00 -1.00 -1.00 -1.00 -1.00 -1.00 -1.00 -1.00 -1.00 -1.00 -1.00 00.47 00.63 00.78 00.96 01.14 01.35 01.54 01.47 01.47 01.48 01.45 01.44 01.21 00.95 00.77 00.72 00.71 -1.00 -1.00 -1.00 -1.00 -1.00 -1.00 -1.00 -1.00 -1.00 -1.00 -1.00 -1.00 -1.00 -1.00 -1.00 -1.00 -1.00 -1.00 -1.00 -1.00 -1.00 -1.00 -1.00 -1.00 -1.00 -1.00
-1.00 -1.00 -1.00 -1.00 -1.00 -1.00 -1.00 -1.00 -1.00 -1.00 -1.00 -1.00 -1.00 -1.00 -1.00 -1.00 -1.00 -1.00 -1.00 -1.00 -1.00 -1.00 -1.00 -1.00 -1.00 -1.00 -1.00 -1.00 -1.00 -1.00 -1.00 -1.00 -1.00 00.42 00.60 00.80 00.80 00.81 00.89 01.00 01.17 01.40 01.59 01.59 01.48 01.37 01.23 01.04 00.89 00.89 00.80 00.92 -1.00 -1.00 -1.00 -1.00 -1.00 -1.00 -1.00 -1.00 -1.00 -1.00 -1.00 -1.00 -1.00 -1.00 -1.00 -1.00 -1.00 -1.00 -1.00 -1.00 -1.00 -1.00 -1.00 -1.00 -1.00
-1.00 -1.00 -1.00 -1.00 -1.00 -1.00 -1.00 -1.00 -1.00 -1.00 -1.00 -1.00 -1.00 -1.00 -1.00 -1.00 -1.00 -1.00 -1.00 -1.00 -1.00 -1.00 -1.00 -1.00 -1.00 -1.00 -1.00 -1.00 -1.00 -1.00 -1.00 -1.00 00.46 00.67 00.69 00.72 00.75 00.79 00.85 00.89 01.05 01.25 01.54 01.85 01.56 01.36 01.33 01.31 01.05 00.94 01.04 01.14 01.22 01.17 -1.00 -1.00 -1.00 -1.00 -1.00 -1.00 -1.00 -1.00 -1.00 -1.00 -1.00 -1.00 -1.00 -1.00 -1.00 -1.00 -1.00 -1.00 -1.00 -1.00 -1.00 -1.00 -1.00
-1.00 -1.00 -1.00 -1.00 -1.00 -1.00 -1.00 -1.00 -1.00 -1.00 -1.00 -1.00 -1.00 -1.00 -1.00 -1.00 -1.00 -1.00 -1.00 -1.00 -1.00 -1.00 -1.00 -1.00 -1.00 -1.00 -1.00 -1.00 -1.00 -1.00 00.13 00.36 00.89 01.04 01.01 00.99 01.00 01.03 01.06 01.10 01.18 01.33 01.48 01.46 01.49 01.39 01.30 01.20 01.09 00.91 01.06 01.14 01.20 01.40 01.16 -1.00 -1.00 -1.00 -1.00 -1.00 -1.00 -1.00 -1.00 -1.00 -1.00 -1.00 -1.00 -1.00 -1.00 -1.00 -1.00 -1.00 -1.00 -1.00 -1.00 -1.00 -1.00
-1.00 -1.00 -1.00 -1.00 -1.00 -1.00 -1.00 -1.00 -1.00 -1.00 -1.00 -1.00 -1.00 -1.00 -1.00 -1.00 -1.00 -1.00 -1.00 -1.00 -1.00 -1.00 -1.00 -1.00 -1.00 -1.00 -1.00 -1.00 00.06 00.25 00.38 00.48 01.05 01.19 01.08 01.04 01.01 01.00 01.08 01.11 01.21 01.32 01.35 01.41 01.00 01.05 01.11 01.10 01.01 00.95 01.16 01.12 01.27 01.19 00.95 -1.00 -1.00 -1.00 -1.00 -1.00 -1.00 -1.00 -1.00 -1.00 -1.00 -1.00 -1.00 -1.00 -1.00 -1.00 -1.00 -1.00 -1.00 -1.00 -1.00 -1.00 -1.00
-1.00 -1.00 -1.00 -1.00 -1.00 -1.00 -1.00 -1.00 -1.00 -1.00 -1.00 -1.00 -1.00 -1.00 -1.00 -1.00 -1.00 -1.00 -1.00 -1.00 -1.00 -1.00 00.08 00.21 00.32 00.44 00.65 00.43 00.30 00.44 00.48 00.57 00.85 00.91 00.94 00.97 00.94 00.90 00.99 01.07 01.13 01.13 01.22 01.26 00.98 01.11 01.22 01.05 00.94 01.04 01.13 01.14 01.03 00.87 00.75 -1.00 -1.00 -1.00 -1.00 -1.00 -1.00 -1.00 -1.00 -1.00 -1.00 -1.00 -1.00 -1.00 -1.00 -1.00 -1.00 -1.00 -1.00 -1.00 -1.00 -1.00 -1.00
-1.00 -1.00 -1.00 -1.00 -1.00 -1.00 -1.00 -1.00 -1.00 -1.00 -1.00 -1.00 -1.00 -1.00 -1.00 -1.00 -1.00 -1.00 00.86 02.09 04.49 02.64 01.50 01.50 00.51 00.63 03.49 02.78 00.53 00.49 00.48 00.48 00.72 00.88 01.00 01.11 01.06 01.01 00.92 01.05 01.17 01.11 01.02 00.92 01.04 01.23 01.24 01.13 01.11 01.21 01.26 01.17 01.02 00.69 00.64 -1.00 -1.00 -1.00 -1.00 -1.00 -1.00 -1.00 -1.00 -1.00 -1.00 -1.00 -1.00 -1.00 -1.00 -1.00 -1.00 -1.00 -1.00 -1.00 -1.00 -1.00 -1.00
-1.00 -1.00 -1.00 -1.00 -1.00 -1.00 -1.00 -1.00 -1.00 -1.00 -1.00 -1.00 -1.00 -1.00 -1.00 -1.00 -1.00 02.45 04.26 03.29 03.27 02.79 02.69 02.50 01.10 01.15 02.15 03.53 02.40 00.38 00.39 00.45 00.69 00.89 01.03 01.15 01.05 01.07 00.96 01.04 01.05 01.11 00.88 00.87 01.03 01.22 01.10 01.08 01.12 01.46 01.44 01.50 01.00 00.80 00.54 00.43 -1.00 -1.00 -1.00 -1.00 -1.00 -1.00 -1.00 -1.00 -1.00 -1.00 -1.00 -1.00 -1.00 -1.00 -1.00 -1.00 -1.00 -1.00 -1.00 -1.00 -1.00
-1.00 -1.00 -1.00 -1.00 -1.00 -1.00 -1.00 -1.00 -1.00 -1.00 -1.00 -1.00 -1.00 -1.00 07.64 08.27 00.34 02.04 02.91 02.63 02.39 02.46 02.82 02.41 01.83 02.39 01.12 03.64 02.49 02.86 00.78 00.46 00.62 00.81 01.03 01.21 01.22 01.14 01.12 01.01 01.14 01.12 00.99 00.89 00.94 00.95 00.89 00.86 01.05 01.34 01.59 01.47 01.24 00.72 00.59 00.60 -1.00 -1.00 -1.00 -1.00 -1.00 -1.00 -1.00 -1.00 -1.00 -1.00 -1.00 -1.00 -1.00 -1.00 -1.00 -1.00 -1.00 -1.00 -1.00 -1.00 -1.00
-1.00 -1.00 -1.00 -1.00 -1.00 -1.00 -1.00 -1.00 -1.00 -1.00 -1.00 -1.00 04.51 12.41 11.84 05.02 01.27 02.28 01.65 01.89 01.93 02.61 02.48 03.89 03.80 02.49 01.17 01.89 01.97 02.78 01.74 00.43 00.63 00.79 01.00 01.23 01.19 01.27 01.23 01.02 01.02 01.07 01.09 01.06 01.02 00.96 00.71 00.80 01.00 01.53 01.49 01.60 01.06 00.63 00.72 00.66 00.51 -1.00 -1.00 -1.00 -1.00 -1.00 -1.00 -1.00 -1.00 -1.00 -1.00 -1.00 -1.00 -1.00 -1.00 -1.00 -1.00 -1.00 -1.00 -1.00 -1.00
-1.00 -1.00 -1.00 -1.00 -1.00 -1.00 -1.00 -1.00 -1.00 -1.00 -1.00 01.63 12.65 10.48 08.53 02.51 01.31 01.24 01.40 01.45 01.90 03.54 08.71 05.76 04.35 02.69 01.95 00.81 01.32 02.58 02.84 02.79 01.03 00.65 00.76 01.28 01.42 01.21 01.19 01.17 01.01 01.05 01.21 01.18 01.23 00.89 00.81 01.03 01.06 01.28 01.94 01.17 00.83 00.55 01.00 00.77 00.57 -1.00 -1.00 -1.00 -1.00 -1.00 -1.00 -1.00 -1.00 -1.00 -1.00 -1.00 -1.00 -1.00 -1.00 -1.00 -1.00 -1.00 -1.00 -1.00 -1.00
-1.00 -1.00 -1.00 -1.00 -1.00 -1.00 -1.00 -1.00 -1.00 -1.00 08.21 12.43 10.20 06.93 02.51 01.23 01.20 01.15 02.72 03.72 06.91 08.66 09.80 07.74 04.19 03.02 01.84 01.21 01.43 02.54 02.68 02.80 02.11 02.91 02.44 01.37 03.25 01.48 03.33 05.67 01.43 03.61 01.63 03.55 01.27 00.90 00.93 00.91 00.99 01.32 01.04 00.74 00.61 01.59 00.99 00.75 00.54 -1.00 -1.00 -1.00 -1.00 -1.00 -1.00 -1.00 -1.00 -1.00 -1.00 -1.00 -1.00 -1.00 -1.00 -1.00 -1.00 -1.00 -1.00 -1.00 -1.00
-1.00 -1.00 -1.00 -1.00 -1.00 -1.00 -1.00 -1.00 10.24 14.51 12.23 10.18 07.79 03.05 01.16 01.15 01.20 02.62 03.91 04.35 06.12 08.56 09.83 09.05 04.48 02.88 01.68 01.01 01.42 02.44 02.68 02.74 02.82 02.78 02.69 02.34 02.97 03.43 04.32 06.23 03.97 04.61 02.93 04.23 02.14 02.85 00.81 01.19 01.00 01.05 00.73 00.69 01.02 01.27 01.01 00.73 00.51 -1.00 -1.00 -1.00 -1.00 -1.00 -1.00 -1.00 -1.00 -1.00 -1.00 -1.00 -1.00 -1.00 -1.00 -1.00 -1.00 -1.00 -1.00 -1.00 -1.00
-1.00 -1.00 -1.00 -1.00 -1.00 -1.00 03.89 11.88 16.46 13.32 09.63 08.12 02.43 01.20 01.78 01.99 02.37 03.24 03.75 04.48 05.88 07.89 09.28 09.53 06.37 02.62 01.47 00.95 00.69 02.20 02.64 02.78 02.82 02.70 02.70 02.45 02.75 03.82 04.43 04.74 04.21 03.81 03.86 04.12 03.43 03.22 01.95 01.08 01.47 00.98 00.63 00.94 01.07 01.09 00.75 00.71 00.51 -1.00 -1.00 -1.00 -1.00 -1.00 -1.00 -1.00 -1.00 -1.00 -1.00 -1.00 -1.00 -1.00 -1.00 -1.00 -1.00 -1.00 -1.00 -1.00 -1.00
-1.00 -1.00 -1.00 -1.00 -1.00 00.64 11.30 17.50 16.64 09.83 07.67 05.25 01.93 02.07 02.09 02.25 02.57 03.15 03.70 04.32 05.51 07.00 08.63 09.40 05.50 02.47 01.37 01.04 00.61 02.12 03.95 02.90 02.81 02.64 02.66 02.50 02.66 03.41 03.27 03.63 03.79 03.60 03.84 03.89 03.58 01.79 03.50 01.34 01.17 00.75 00.80 01.09 01.13 00.95 00.72 00.68 00.54 -1.00 -1.00 -1.00 -1.00 -1.00 -1.00 -1.00 -1.00 -1.00 -1.00 -1.00 -1.00 -1.00 -1.00 -1.00 -1.00 -1.00 -1.00 -1.00 -1.00
-1.00 -1.00 -1.00 -1.00 06.35 09.86 16.71 20.70 11.92 07.44 07.58 07.83 02.05 01.91 02.22 02.51 02.84 03.00 03.48 04.01 05.90 06.40 07.72 08.35 04.85 02.46 01.58 01.17 00.43 02.31 03.61 02.99 02.84 02.50 02.63 02.50 02.43 02.86 02.58 03.24 03.26 03.47 03.55 03.84 02.82 02.72 04.02 02.90 00.83 00.55 01.05 00.94 01.04 00.79 00.69 00.68 00.58 -1.00 -1.00 -1.00 -1.00 -1.00 -1.00 -1.00 -1.00 -1.00 -1.00 -1.00 -1.00 -1.00 -1.00 -1.00 -1.00 -1.00 -1.00 -1.00 -1.00
-1.00 -1.00 -1.00 05.54 08.69 13.92 19.42 13.44 08.11 07.22 08.10 07.82 01.79 02.02 02.18 02.67 03.05 02.93 03.12 04.05 05.15 06.11 06.85 07.33 04.51 02.50 01.84 01.18 00.98 02.89 03.24 03.09 02.70 02.35 02.54 02.53 02.24 02.44 02.23 02.68 02.83 03.33 03.44 03.61 02.27 02.77 03.99 05.73 00.65 00.90 00.94 00.98 00.89 00.69 00.68 00.66 00.60 -1.00 -1.00 -1.00 -1.00 -1.00 -1.00 -1.00 -1.00 -1.00 -1.00 -1.00 -1.00 -1.00 -1.00 -1.00 -1.00 -1.00 -1.00 -1.00 -1.00
-1.00 -1.00 03.08 07.33 11.39 15.82 13.19 07.93 07.71 07.67 07.18 06.75 13.99 01.95 02.15 02.51 03.15 03.10 03.03 03.97 04.63 05.51 06.16 06.29 04.40 02.54 01.85 01.03 01.54 02.64 02.84 03.00 02.42 02.19 02.37 02.50 02.20 02.01 01.96 02.24 02.78 02.96 03.49 02.59 02.33 03.19 04.09 03.16 00.90 01.08 02.33 00.94 00.65 00.67 00.67 00.66 00.64 -1.00 -1.00 -1.00 -1.00 -1.00 -1.00 -1.00 -1.00 -1.00 -1.00 -1.00 -1.00 -1.00 -1.00 -1.00 -1.00 -1.00 -1.00 -1.00 -1.00
-1.00 02.46 05.08 11.34 13.80 12.95 07.87 08.03 07.91 06.25 08.20 17.56 07.78 01.92 02.44 02.45 03.00 03.02 03.09 03.53 04.50 04.82 05.32 05.25 04.43 02.45 01.55 00.90 01.43 02.32 02.41 02.63 02.15 02.03 02.11 02.40 02.16 01.61 01.87 01.91 02.61 03.15 03.18 02.52 02.50 02.99 04.06 04.03 01.34 01.81 03.41 00.62 00.65 00.59 00.67 00.72 00.69 -1.00 -1.00 -1.00 -1.00 -1.00 -1.00 -1.00 -1.00 -1.00 -1.00 -1.00 -1.00 -1.00 -1.00 -1.00 -1.00 -1.00 -1.00 -1.00 -1.00
01.85 03.88 09.49 12.97 14.76 07.42 08.58 08.85 06.13 09.45 20.10 11.87 04.41 02.13 02.87 02.36 02.46 02.73 02.99 03.15 03.91 04.22 04.45 04.32 03.39 02.48 01.42 00.87 01.32 01.97 02.06 02.13 01.89 01.88 01.85 01.95 01.86 01.69 01.53 01.73 02.33 02.72 02.67 02.27 02.39 02.96 03.00 02.73 02.68 03.01 02.63 00.83 00.78 00.54 00.70 00.78 00.78 00.72 -1.00 -1.00 -1.00 -1.00 -1.00 -1.00 -1.00 -1.00 -1.00 -1.00 -1.00 -1.00 -1.00 -1.00 -1.00 -1.00 -1.00 -1.00 -1.00
03.42 05.31 08.92 13.80 10.47 10.53 07.12 06.84 09.68 18.71 20.67 21.19 04.71 02.37 02.89 02.34 02.14 02.50 02.72 02.86 03.24 03.62 03.75 03.50 03.19 02.62 01.42 00.88 00.65 01.62 01.69 01.78 01.72 01.78 01.64 01.42 01.42 01.55 01.36 01.63 01.84 02.13 02.09 01.96 02.33 02.53 02.81 02.73 02.24 02.04 01.89 02.05 00.84 00.89 00.76 00.82 00.91 00.89 00.81 00.89 -1.00 -1.00 -1.00 -1.00 -1.00 -1.00 -1.00 -1.00 -1.00 -1.00 -1.00 -1.00 -1.00 -1.00 -1.00 -1.00 00.30
05.40 05.44 09.78 10.33 05.02 07.56 05.08 08.48 10.09 15.71 19.07 22.02 15.47 02.69 02.82 02.14 02.01 02.29 02.46 02.54 02.80 02.87 03.03 03.43 03.11 02.20 01.29 00.98 00.75 01.39 01.56 01.48 01.49 01.60 00.36 00.77 01.29 01.30 01.36 01.61 01.52 01.95 02.07 02.09 02.25 02.42 02.45 01.89 01.65 01.64 01.42 00.66 01.23 01.43 01.20 01.12 01.03 01.13 01.04 01.00 01.02 -1.00 -1.00 -1.00 -1.00 -1.00 -1.00 -1.00 -1.00 -1.00 -1.00 -1.00 -1.00 -1.00 -1.00 00.32 00.33
06.44 03.85 09.01 05.51 08.89 05.19 03.75 04.27 05.62 09.10 16.52 16.28 14.73 07.98 02.96 02.11 01.90 01.97 02.37 02.31 02.24 02.49 02.99 02.76 02.63 01.84 01.28 01.00 00.85 01.27 01.37 01.48 01.61 00.21 00.21 00.35 00.71 01.10 01.13 01.16 01.30 01.54 01.61 01.80 01.88 00.96 01.44 01.54 00.57 00.73 00.89 01.50 01.60 01.51 01.38 01.50 01.37 01.22 01.26 01.32 01.18 -1.00 -1.00 -1.00 -1.00 -1.00 -1.00 -1.00 -1.00 -1.00 -1.00 -1.00 -1.00 00.28 00.31 00.31 00.31
06.42 04.26 03.04 03.92 03.49 04.44 03.98 03.95 04.94 06.60 08.99 11.96 10.48 06.44 03.56 02.07 01.80 01.75 02.18 02.07 01.94 01.84 02.07 02.03 01.49 01.17 00.91 00.37 01.10 01.30 01.41 01.51 00.22 00.24 00.23 00.17 00.21 00.82 01.04 00.79 00.33 00.35 00.36 00.39 00.44 00.52 00.60 00.69 00.80 01.01 01.22 01.37 01.56 01.52 01.59 01.59 01.51 01.41 01.61 01.68 01.55 01.38 -1.00 -1.00 -1.00 -1.00 -1.00 -1.00 -1.00 -1.00 -1.00 -1.00 00.29 00.30 00.30 00.29 00.65
06.33 04.45 03.31 03.64 03.63 03.67 04.00 04.73 04.93 06.11 07.36 09.21 08.97 12.48 04.73 02.13 01.66 01.63 01.95 01.82 01.64 01.56 01.41 01.16 01.12 00.84 00.18 01.02 01.18 01.27 01.35 00.65 00.22 00.23 00.29 00.23 00.18 00.30 00.37 00.46 00.46 00.48 00.51 00.55 00.62 00.69 00.73 00.77 00.82 00.98 01.17 01.38 01.49 01.61 01.72 01.66 01.58 01.62 01.84 01.92 01.85 01.70 -1.00 -1.00 -1.00 -1.00 -1.00 -1.00 -1.00 -1.00 -1.00 00.30 00.29 00.29 00.28 01.60 03.85
06.03 04.57 03.75 03.49 03.77 04.27 03.79 04.11 04.85 04.80 07.34 09.26 10.00 07.71 03.62 02.07 01.55 01.47 01.72 01.58 01.31 01.21 01.17 01.01 00.81 00.27 00.78 00.92 01.08 01.17 01.20 00.19 00.21 00.29 00.37 00.39 00.26 00.28 00.44 00.48 00.54 00.59 00.60 00.61 00.68 00.78 00.87 00.95 00.98 01.04 01.29 01.39 01.42 01.55 01.65 01.68 01.59 01.86 02.00 01.99 02.02 01.90 -1.00 -1.00 -1.00 -1.00 -1.00 -1.00 -1.00 00.27 00.29 00.29 00.26 00.31 02.66 04.39 06.58
07.12 05.18 04.64 03.64 03.63 03.96 03.99 03.33 03.79 04.17 05.53 06.53 07.97 06.11 03.66 01.96 01.45 01.32 01.47 01.35 01.05 00.95 00.76 00.63 00.62 00.83 00.92 01.09 01.07 00.19 00.19 00.20 00.29 00.34 00.52 00.54 -1.00 00.38 00.40 00.51 00.61 00.74 00.67 00.66 00.78 00.89 01.07 01.11 01.10 01.14 01.20 01.23 01.29 01.33 01.43 01.41 01.60 01.71 01.92 02.17 02.17 01.99 -1.00 -1.00 -1.00 -1.00 -1.00 -1.00 -1.00 00.28 00.27 00.24 01.55 04.01 06.10 06.63 06.89
05.87 06.39 05.90 04.34 03.82 03.64 03.72 03.70 03.20 03.47 04.29 06.81 07.60 11.02 03.37 01.88 01.35 01.16 01.35 01.13 00.92 00.67 00.47 00.78 00.86 00.99 00.83 00.19 00.19 00.19 00.26 00.29 00.34 00.45 00.64 00.67 -1.00 -1.00 00.46 00.47 00.70 01.00 01.17 00.84 00.90 01.03 01.33 01.47 01.42 01.13 00.94 00.96 00.99 00.96 00.94 01.12 01.35 01.59 01.81 01.80 02.08 -1.00 -1.00 -1.00 -1.00 -1.00 -1.00 -1.00 00.27 00.25 00.23 01.48 03.05 05.77 06.87 06.72 06.29
05.24 05.99 05.57 04.90 04.22 03.84 03.39 03.51 03.01 03.12 03.88 04.94 05.73 05.14 03.00 01.67 01.13 01.07 01.03 01.02 00.83 00.51 00.69 00.25 00.25 00.17 00.18 00.20 00.22 00.26 00.32 00.33 00.39 00.65 -1.00 -1.00 -1.00 -1.00 -1.00 -1.00 00.82 01.07 01.30 01.64 00.94 01.11 01.52 01.68 01.77 01.59 01.24 01.00 00.83 00.78 00.90 00.91 01.01 01.04 01.11 01.30 -1.00 -1.00 -1.00 -1.00 -1.00 -1.00 -1.00 00.26 00.24 00.21 02.23 04.31 05.68 05.92 06.79 06.96 06.44
04.95 05.02 05.03 04.53 04.09 03.58 03.26 03.31 03.33 02.93 03.45 03.92 04.32 03.44 01.54 01.16 00.90 00.84 00.86 00.78 00.32 00.13 00.30 00.25 00.26 00.26 00.25 00.28 00.30 00.30 00.29 00.56 -1.00 -1.00 -1.00 -1.00 -1.00 -1.00 -1.00 -1.00 -1.00 -1.00 -1.00 -1.00 -1.00 01.06 01.32 01.58 01.78 01.86 01.50 01.29 01.10 00.92 -1.00 -1.00 -1.00 -1.00 -1.00 -1.00 -1.00 -1.00 -1.00 -1.00 -1.00 -1.00 -1.00 00.16 00.20 02.35 03.79 06.29 06.76 06.45 06.03 05.95 05.93
