Assets/WUInity/Farsite/test_dataset/Ashley/output/test.fli
NCOLS 382
NROWS 266
XLLCORNER 157819.328125
YLLCORNER 384678.625000
CELLSIZE 30.000000
NODATA_VALUE -1
[rows 52 to 77 of 266, columns 180 to 239 of 382]
00077.168 00044.195 00013.688 00133.198 00324.871 00256.297 00250.933 00236.401 00233.807 00221.004 00237.373 00301.765 00290.718 00321.697 00337.127 00320.322 00340.679 00345.743 00321.075 00173.366 00321.610 00167.556 00159.992 00105.733 00114.862 00156.300 00161.859 00136.616 00102.360 00095.400 00073.859 -0001.000 -0001.000 -0001.000 -0001.000 -0001.000 -0001.000 -0001.000 -0001.000 -0001.000 -0001.000 -0001.000 -0001.000 -0001.000 -0001.000 -0001.000 -0001.000 -0001.000 -0001.000 -0001.000 -0001.000 -0001.000 -0001.000 -0001.000 -0001.000 -0001.000 -0001.000 -0001.000 -0001.000 -0001.000
00091.929 00053.894 00009.044 00155.416 00289.592 00259.734 00252.646 00224.064 00230.090 00220.638 00217.326 00255.751 00231.745 00289.130 00290.803 00308.176 00315.734 00340.851 00255.137 00249.327 00365.601 00292.145 00114.192 00077.822 00151.703 00135.379 00149.644 00113.203 00099.107 00094.575 00078.503 -0001.000 -0001.000 -0001.000 -0001.000 -0001.000 -0001.000 -0001.000 -0001.000 -0001.000 -0001.000 -0001.000 -0001.000 -0001.000 -0001.000 -0001.000 -0001.000 -0001.000 -0001.000 -0001.000 -0001.000 -0001.000 -0001.000 -0001.000 -0001.000 -0001.000 -0001.000 -0001.000 -0001.000 -0001.000
00109.180 00055.005 00042.195 00197.455 00255.181 00263.934 00238.460 00209.884 00221.900 00222.551 00200.169 00219.124 00199.758 00240.529 00252.929 00295.428 00305.197 00321.296 00208.683 00254.234 00364.402 00518.501 00089.943 00128.168 00133.703 00139.522 00128.604 00099.474 00097.320 00092.619 00081.726 -0001.000 -0001.000 -0001.000 -0001.000 -0001.000 -0001.000 -0001.000 -0001.000 -0001.000 -0001.000 -0001.000 -0001.000 -0001.000 -0001.000 -0001.000 -0001.000 -0001.000 -0001.000 -0001.000 -0001.000 -0001.000 -0001.000 -0001.000 -0001.000 -0001.000 -0001.000 -0001.000 -0001.000 -0001.000
00109.866 00045.153 00074.241 00180.395 00222.027 00254.302 00213.180 00195.114 00207.724 00219.297 00196.292 00180.338 00176.812 00201.173 00247.636 00264.291 00310.393 00235.051 00215.086 00290.737 00370.798 00300.876 00102.854 00132.695 00244.726 00132.686 00093.575 00097.654 00117.536 00097.089 00112.099 -0001.000 -0001.000 -0001.000 -0001.000 -0001.000 -0001.000 -0001.000 -0001.000 -0001.000 -0001.000 -0001.000 -0001.000 -0001.000 -0001.000 -0001.000 -0001.000 -0001.000 -0001.000 -0001.000 -0001.000 -0001.000 -0001.000 -0001.000 -0001.000 -0001.000 -0001.000 -0001.000 -0001.000 -0001.000
00089.854 00037.189 00069.275 00156.888 00188.582 00223.659 00189.244 00180.381 00186.396 00210.488 00191.615 00145.572 00169.675 00173.044 00233.849 00281.501 00285.804 00231.345 00231.059 00274.267 00370.090 00369.296 00141.266 00187.162 00324.672 00087.684 00095.708 00086.084 00139.814 00144.973 00146.798 -0001.000 -0001.000 -0001.000 -0001.000 -0001.000 -0001.000 -0001.000 -0001.000 -0001.000 -0001.000 -0001.000 -0001.000 -0001.000 -0001.000 -0001.000 -0001.000 -0001.000 -0001.000 -0001.000 -0001.000 -0001.000 -0001.000 -0001.000 -0001.000 -0001.000 -0001.000 -0001.000 -0001.000 00002.533
00082.965 00035.641 00063.594 00132.118 00160.256 00183.027 00166.674 00166.161 00164.393 00173.113 00167.142 00153.392 00140.680 00157.934 00210.444 00245.477 00242.142 00209.314 00219.999 00271.812 00276.580 00254.328 00251.776 00283.131 00249.602 00097.766 00146.204 00080.732 00162.089 00179.072 00178.939 00163.541 -0001.000 -0001.000 -0001.000 -0001.000 -0001.000 -0001.000 -0001.000 -0001.000 -0001.000 -0001.000 -0001.000 -0001.000 -0001.000 -0001.000 -0001.000 -0001.000 -0001.000 -0001.000 -0001.000 -0001.000 00081.148 00089.640 00101.651 00105.488 00100.257 00003.194 00002.754 00056.934
00082.978 00038.394 00025.083 00107.756 00132.781 00154.995 00151.596 00159.053 00146.533 00129.557 00129.849 00141.776 00125.333 00149.813 00168.882 00195.061 00192.753 00181.426 00215.847 00234.584 00260.834 00255.615 00211.345 00193.072 00181.282 00198.856 00180.505 00181.330 00168.207 00190.595 00208.954 00203.477 00185.318 00198.644 -0001.000 -0001.000 -0001.000 -0001.000 -0001.000 -0001.000 -0001.000 -0001.000 -0001.000 -0001.000 -0001.000 -0001.000 -0001.000 -0001.000 -0001.000 -0001.000 00066.559 00082.084 00086.857 00087.116 00094.449 00087.459 00075.200 00043.960 00150.043 00249.396
00077.394 00049.146 00032.823 00095.487 00129.348 00129.847 00132.646 00143.138 00041.752 00074.553 00117.503 00119.109 00124.970 00149.194 00139.967 00180.234 00192.260 00195.504 00209.415 00226.253 00229.340 00178.093 00156.113 00156.153 00196.016 00150.235 00280.253 00325.812 00270.149 00261.222 00239.197 00259.866 00239.749 00227.973 00228.889 -0001.000 -0001.000 -0001.000 -0001.000 -0001.000 -0001.000 -0001.000 -0001.000 -0001.000 -0001.000 -0001.000 -0001.000 -0001.000 -0001.000 00072.614 00075.928 00079.906 00082.659 00083.912 00082.666 00073.085 00101.161 00175.680 00299.596 00479.386
00081.854 00053.025 00047.124 00100.118 00118.284 00130.495 00143.328 00029.067 00029.784 00040.716 00068.972 00101.576 00104.280 00108.372 00122.117 00144.560 00151.232 00169.524 00177.255 00121.146 00141.248 00145.299 00128.179 00165.567 00202.331 00340.392 00364.304 00345.058 00317.639 00348.109 00319.466 00282.765 00289.338 00303.353 00266.198 -0001.000 -0001.000 -0001.000 -0001.000 -0001.000 -0001.000 -0001.000 -0001.000 -0001.000 -0001.000 -0001.000 -0001.000 00061.752 00070.701 00071.446 00070.025 00069.841 00073.332 00078.754 00102.868 00324.634 00303.651 00556.243 00387.470 00480.135
00049.163 00009.228 00076.119 00110.519 00123.456 00133.876 00030.413 00035.153 00033.975 00024.755 00040.819 00078.794 00097.404 00102.026 00078.013 00080.523 00084.698 00092.869 00104.885 00123.170 00140.877 00160.501 00185.219 00233.539 00279.418 00314.155 00358.265 00350.328 00369.206 00370.171 00351.624 00326.276 00372.330 00386.661 00353.440 00308.126 -0001.000 -0001.000 -0001.000 -0001.000 -0001.000 -0001.000 -0001.000 -0001.000 -0001.000 -0001.000 00064.801 00068.433 00067.705 00064.837 00077.795 00144.430 00244.800 00291.857 00577.240 00548.235 00485.501 00520.084 00494.230 00485.291
00004.150 00066.837 00095.995 00110.914 00119.384 00064.554 00030.702 00034.459 00043.936 00032.092 00026.590 00063.930 00092.995 00113.394 00109.379 00116.439 00122.415 00132.033 00147.924 00165.726 00173.634 00181.473 00192.408 00229.414 00272.027 00319.801 00344.679 00373.936 00400.816 00386.621 00365.876 00373.522 00424.321 00440.957 00424.149 00381.181 -0001.000 -0001.000 -0001.000 -0001.000 -0001.000 -0001.000 -0001.000 -0001.000 -0001.000 00068.052 00068.016 00064.925 00061.251 00139.297 00338.267 00537.431 00648.011 00550.162 00624.256 00572.295 00525.228 00480.468 00489.367 00470.227
00048.739 00065.285 00086.294 00101.350 00106.503 00026.133 00030.434 00043.745 00054.271 00058.783 00060.298 00054.793 00110.160 00118.037 00130.942 00142.319 00143.986 00146.448 00162.721 00184.676 00205.369 00226.449 00234.256 00247.824 00306.225 00330.070 00336.357 00363.903 00386.326 00389.560 00367.691 00430.180 00460.502 00456.561 00457.330 00423.412 -0001.000 -0001.000 -0001.000 -0001.000 -0001.000 -0001.000 -0001.000 00059.981 00067.133 00066.463 00058.638 00060.803 00233.830 00384.875 00579.592 00610.946 00678.273 00593.595 00548.132 00496.187 00490.410 00458.545 00465.677 00425.156
00071.309 00089.577 00091.038 00025.762 00027.146 00029.469 00044.235 00051.000 00111.927 00104.217 -0001.000 00088.220 00096.891 00124.287 00146.620 00177.635 00159.618 00155.885 00184.616 00209.623 00250.746 00260.274 00258.503 00269.843 00283.648 00291.323 00303.928 00312.557 00333.534 00330.918 00373.739 00396.141 00443.387 00495.456 00486.584 00442.026 -0001.000 -0001.000 -0001.000 -0001.000 -0001.000 -0001.000 -0001.000 00064.068 00062.410 00052.819 00136.189 00353.188 00537.064 00582.921 00605.959 00616.919 00619.473 00538.336 00481.364 00491.297 00490.811 00465.822 00432.861 00382.927
00071.639 00025.968 00026.090 00028.292 00038.462 00044.128 00050.384 00090.991 00150.637 00150.524 -0001.000 -0001.000 00105.699 00111.282 00166.379 00235.938 00276.153 00194.252 00211.489 00241.139 00309.947 00341.555 00331.236 00263.319 00220.032 00225.549 00231.501 00226.137 00219.281 00260.886 00315.062 00372.460 00419.327 00406.071 00463.740 -0001.000 -0001.000 -0001.000 -0001.000 -0001.000 -0001.000 -0001.000 00061.322 00056.767 00050.824 00129.546 00267.702 00507.424 00602.965 00589.692 00552.881 00555.723 00508.741 00482.660 00463.415 00491.383 00523.329 00484.847 00414.394 00373.140
00026.434 00028.727 00032.476 00039.214 00048.458 00048.288 00076.403 00150.936 -0001.000 -0001.000 -0001.000 -0001.000 -0001.000 -0001.000 00188.413 00246.961 00297.708 00375.957 00214.870 00257.575 00351.803 00389.011 00408.279 00366.802 00286.829 00232.003 00192.076 00181.723 00207.882 00210.778 00229.825 00236.937 00250.815 00290.651 -0001.000 -0001.000 -0001.000 -0001.000 -0001.000 -0001.000 -0001.000 00058.349 00054.180 00046.967 00196.121 00378.717 00497.657 00518.300 00594.585 00609.409 00564.504 00508.747 00438.124 00425.789 00446.761 00449.401 00521.777 00440.705 00415.574 00390.149
00037.802 00041.895 00045.169 00044.307 00041.854 00120.068 -0001.000 -0001.000 -0001.000 -0001.000 -0001.000 -0001.000 -0001.000 -0001.000 -0001.000 -0001.000 -0001.000 -0001.000 -0001.000 00239.691 00300.341 00362.398 00407.730 00425.717 00341.695 00294.043 00248.272 00207.431 -0001.000 -0001.000 -0001.000 -0001.000 -0001.000 -0001.000 -0001.000 -0001.000 -0001.000 -0001.000 -0001.000 -0001.000 -0001.000 00030.392 00039.283 00206.821 00332.904 00549.468 00589.938 00562.669 00527.135 00519.914 00518.506 00475.217 00377.647 00397.688 00386.786 00352.497 00419.802 00363.623 00400.457 00416.645
00050.204 00052.653 00050.319 00047.900 -0001.000 -0001.000 -0001.000 -0001.000 -0001.000 -0001.000 -0001.000 -0001.000 -0001.000 -0001.000 -0001.000 -0001.000 -0001.000 -0001.000 -0001.000 -0001.000 -0001.000 00280.436 00312.368 00344.687 00343.943 -0001.000 -0001.000 -0001.000 -0001.000 -0001.000 -0001.000 -0001.000 -0001.000 -0001.000 -0001.000 -0001.000 -0001.000 -0001.000 -0001.000 -0001.000 -0001.000 00009.018 00018.512 00177.198 00390.382 00480.663 00557.127 00538.528 00513.389 00498.735 00484.037 00444.610 00375.032 00419.112 00376.157 00313.925 00340.262 00319.977 00361.349 00402.300
00056.178 00057.310 -0001.000 -0001.000 -0001.000 -0001.000 -0001.000 -0001.000 -0001.000 -0001.000 -0001.000 -0001.000 -0001.000 -0001.000 -0001.000 -0001.000 -0001.000 -0001.000 -0001.000 -0001.000 -0001.000 -0001.000 -0001.000 -0001.000 -0001.000 -0001.000 -0001.000 -0001.000 -0001.000 -0001.000 -0001.000 -0001.000 -0001.000 -0001.000 -0001.000 -0001.000 -0001.000 -0001.000 -0001.000 -0001.000 -0001.000 00001.677 00005.762 00066.658 00256.017 00366.805 00530.238 00539.034 00525.788 00477.581 00462.711 00405.105 00358.495 00400.783 00380.166 00293.664 00274.925 00274.154 00333.900 00369.844
00052.209 -0001.000 -0001.000 -0001.000 -0001.000 -0001.000 -0001.000 -0001.000 -0001.000 -0001.000 -0001.000 -0001.000 -0001.000 -0001.000 -0001.000 -0001.000 -0001.000 -0001.000 -0001.000 -0001.000 -0001.000 -0001.000 -0001.000 -0001.000 -0001.000 -0001.000 -0001.000 -0001.000 -0001.000 -0001.000 -0001.000 -0001.000 -0001.000 00083.699 00093.403 00107.730 00118.488 00129.980 00151.275 -0001.000 -0001.000 00003.950 00006.886 00017.889 00053.283 00207.836 00482.467 00528.969 00520.693 00462.489 00424.293 00362.488 00321.411 00369.989 00373.540 00308.154 00255.968 00256.255 00312.108 00361.802
-0001.000 -0001.000 -0001.000 -0001.000 -0001.000 -0001.000 -0001.000 -0001.000 -0001.000 -0001.000 -0001.000 -0001.000 -0001.000 00096.737 00098.932 -0001.000 -0001.000 -0001.000 -0001.000 -0001.000 -0001.000 -0001.000 -0001.000 -0001.000 -0001.000 -0001.000 -0001.000 -0001.000 -0001.000 -0001.000 00061.383 00072.061 00082.554 00090.367 00100.872 00117.075 00134.738 00143.602 00117.835 00115.406 -0001.000 00007.048 00007.780 00008.247 00538.638 00524.932 00476.685 00538.837 00565.520 00470.707 00389.204 00341.842 00324.848 00378.722 00362.832 00300.101 00245.648 00243.573 00285.314 00343.609
00070.133 00131.312 00131.810 00083.524 -0001.000 -0001.000 00075.645 00081.809 00088.941 00096.852 00100.879 00104.555 00108.034 00111.621 00114.959 00118.158 00112.099 00107.039 00103.874 -0001.000 -0001.000 -0001.000 -0001.000 -0001.000 -0001.000 -0001.000 00067.941 00074.968 00067.502 00069.121 00070.864 00075.613 00080.470 00089.120 00100.523 00112.698 00111.691 00116.168 00030.709 00029.828 00004.390 00008.695 00010.618 00010.491 00343.601 00422.392 00408.173 00481.542 00536.200 00478.139 00399.019 00331.457 00335.410 00352.675 00348.353 00301.803 00234.847 00231.074 00276.636 00287.639
00108.675 00117.594 00102.585 00141.947 00075.387 00085.367 00082.606 00101.144 00099.137 00098.985 00100.955 00102.640 00106.484 00111.803 00109.475 00112.111 00114.497 00124.410 00122.459 00117.831 00096.817 -0001.000 -0001.000 00068.590 00077.094 00077.934 00080.778 00078.277 00067.793 00065.253 00065.219 00064.586 00071.161 00079.936 00090.448 00106.499 00126.608 00138.347 00078.613 -0001.000 00006.939 00009.289 00011.037 00013.826 00126.845 00305.625 00300.390 00355.480 00444.458 00465.067 00405.288 00301.329 00317.222 00311.155 00306.623 00308.999 00225.000 00220.519 00261.144 00287.716
00082.859 00125.894 00145.949 00107.573 00061.527 00088.944 00095.672 00095.581 00097.006 00097.055 00104.133 00105.134 00105.570 00105.275 00106.922 00117.741 00127.497 00130.965 00121.360 00115.382 00088.521 00095.725 00097.740 00073.883 00078.012 00079.125 00080.574 00075.440 00060.873 00057.139 00058.456 00058.197 00068.448 00078.133 00079.808 00086.929 00087.259 00042.123 00027.793 00004.787 00009.552 00009.887 00009.886 00187.317 00461.573 00375.585 00280.099 00285.678 00308.290 00407.215 00375.191 00297.205 00277.399 00267.953 00266.267 00300.216 00216.444 00208.898 00248.216 00305.618
00092.355 00107.903 00097.956 00057.762 00069.228 00093.812 00095.065 00097.243 00102.352 00103.362 00107.769 00112.834 00117.841 00120.714 00117.266 00114.457 00129.456 00141.984 00170.943 00083.364 00092.890 00103.938 00082.638 00068.543 00069.238 00070.602 00067.434 00066.074 00050.036 00008.119 00042.425 00045.366 00000.333 00003.718 00051.889 00071.654 00088.161 00058.551 00001.885 00007.271 00007.740 00009.253 00009.029 00008.395 00120.951 00390.575 00271.582 00243.402 00265.683 00295.042 00330.183 00315.713 00255.994 00233.867 00255.110 00267.495 00205.773 00196.495 00230.660 00270.760
00090.220 00089.922 00053.266 00064.493 00072.113 00081.190 00091.832 00099.845 00101.543 00112.867 00132.356 00152.092 00166.275 00166.234 00156.353 00114.123 00124.566 00089.362 00074.891 00079.920 00086.336 00081.570 00066.425 00060.200 00056.833 00054.819 00036.404 00013.452 00051.694 00061.010 00059.695 00069.367 00072.079 00071.858 00073.221 00019.607 00023.738 00019.502 -0001.000 00007.659 00015.339 00013.868 00010.016 00008.436 00007.063 00180.602 00284.414 00212.291 00215.911 00247.288 00284.296 00320.331 00269.163 00244.836 00258.399 00241.568 00194.490 00186.769 00199.513 00271.659
00090.482 00053.116 00056.362 00069.501 00078.652 00085.478 00090.415 00097.424 00115.033 00146.265 00171.998 00219.061 00241.042 00240.553 00209.924 00156.819 00072.082 00064.398 00070.832 00077.215 00075.325 00065.055 00055.994 00040.457 00003.107 00040.482 00053.873 00055.913 00081.406 00087.888 00087.394 00096.648 00095.171 00084.438 00054.691 00018.415 00039.535 00002.007 00006.012 00006.256 00012.044 00013.919 00012.193 00010.446 00008.022 00076.279 00221.453 00236.752 00197.581 00215.621 00248.233 00305.786 00249.938 00270.722 00264.837 00242.618 00183.463 00180.457 00192.837 00286.024
