Assets/WUInity/Farsite/test_dataset/Ashley/output/test.fli
NCOLS 382
NROWS 266
XLLCORNER 157819.328125
YLLCORNER 384678.625000
CELLSIZE 30.000000
NODATA_VALUE -1
[rows 130 to 155 of 266, columns 240 to 299 of 382]
00419.385 00278.536 00350.880 00393.088 00459.520 00445.608 00377.823 00823.533 01023.421 01249.097 01291.083 01268.084 01165.463 01075.778 01099.699 01163.211 01231.145 01259.576 01189.844 00926.079 00744.582 00403.905 00012.355 00005.818 00004.063 00002.221 00003.522 00005.183 00006.187 00007.395 00008.385 -0001.000 00002.946 00001.485 00148.330 00219.413 00251.233 00301.472 00249.348 00285.855 00355.160 00339.850 00253.258 00193.880 00257.358 00334.090 00300.072 00131.624 00077.506 00055.924 00020.174 00111.330 00180.266 00216.232 00240.435 00277.218 00280.645 00312.499 00299.157 00267.912
00311.654 00362.653 00391.481 00488.166 00594.981 00480.193 00371.650 00651.298 00865.460 01083.761 01222.366 01258.171 01154.025 01003.146 01028.201 01113.681 01198.834 01279.696 01184.958 00923.532 00663.150 00323.588 00028.884 00007.965 00004.334 00002.752 00002.210 00004.669 00005.784 00007.539 -0001.000 00003.044 00002.417 00001.798 00091.753 00264.963 00253.372 00253.133 00226.446 00253.331 00278.268 00312.467 00221.233 00194.195 00262.942 00363.380 00352.732 00120.149 00076.714 00050.010 00035.453 00075.999 00183.288 00216.906 00254.365 00450.870 00381.289 00276.965 00260.512 00255.348
00356.248 00405.109 00451.026 00573.404 00587.366 00516.103 00356.015 00551.815 00760.347 01021.589 01228.502 01284.231 01202.062 01055.189 01080.181 01154.937 01225.180 01257.900 01240.610 01204.933 00559.556 00265.991 00107.007 00025.637 00004.423 00001.829 00003.159 00005.100 00005.692 -0001.000 -0001.000 00003.083 00000.901 00002.053 00367.271 00341.502 00313.664 00245.622 00196.621 00235.551 00269.968 00285.043 00193.684 00180.958 00320.397 00352.649 00298.469 00108.011 00073.363 00044.434 00062.779 00078.026 00191.196 00223.687 00378.171 00352.672 00295.014 00243.049 00231.357 00231.608
00385.769 00431.044 00487.672 00587.447 00543.910 00497.630 00357.835 00499.586 00650.965 00789.640 01068.589 01105.646 01078.487 00991.025 01048.874 01113.987 01189.529 01300.596 01409.882 01119.026 00565.028 00238.049 00156.835 00202.597 00002.055 00002.055 00003.621 00005.279 00007.216 -0001.000 -0001.000 00002.362 00001.743 00003.749 00469.921 00467.445 00411.637 00280.219 00204.847 00205.293 00280.185 00274.577 00188.784 00209.371 00332.197 00351.247 00291.271 00096.837 00069.901 00034.260 00078.763 00100.362 00200.314 00237.764 00347.831 00292.194 00217.856 00201.043 00214.552 00179.596
00437.640 00458.204 00552.723 00595.762 00568.564 00497.861 00693.376 00499.043 00612.761 00707.518 00858.476 00967.497 00952.657 00931.229 00968.438 01009.558 01105.683 01217.089 01234.676 00925.040 00446.085 00210.573 00042.091 00002.020 00001.883 00004.797 00005.450 00005.213 00005.299 00005.907 00007.096 00001.700 00002.183 00292.955 00389.870 00440.362 00451.033 00297.183 00193.628 00180.763 00244.875 00252.144 00221.897 00224.963 00327.272 00390.534 00210.052 00090.800 00062.775 00030.388 00073.834 00148.507 00201.935 00354.026 00301.080 00243.706 00188.542 00180.848 00169.410 00202.703
00469.027 00514.326 00642.001 00664.596 00680.506 00467.348 00455.673 00626.070 00563.457 00645.029 00718.040 00789.104 00868.133 00886.975 00859.431 00886.638 00980.406 01054.771 00988.552 00858.087 00396.979 00183.587 00002.741 00001.632 00002.947 00005.886 00005.996 00005.100 00004.888 00004.862 00002.687 00000.432 00003.471 00245.454 00412.832 00456.835 00485.714 00342.001 00199.333 00181.407 00197.885 00215.125 00209.164 00254.661 00341.595 00254.041 00153.752 00088.762 00062.971 00032.996 00073.887 00153.482 00238.053 00279.475 00246.479 00231.576 00159.005 00138.758 00172.454 00200.142
00499.840 00571.954 00644.407 00655.478 00667.948 00423.935 00849.949 00718.795 00532.971 00601.553 00668.046 00727.137 00795.391 00781.026 00758.511 00874.922 00944.821 00951.144 00851.995 00724.861 00342.983 00166.186 00002.967 00001.636 00002.976 00004.472 00004.070 00003.820 00003.257 00003.064 00001.300 00001.849 00003.522 00474.444 00467.540 00452.962 00461.556 00309.744 00211.312 00157.109 00150.880 00190.133 00220.290 00280.103 00283.958 00159.780 00123.806 00090.287 00067.618 00035.368 00079.212 00141.977 00299.897 00237.621 00208.288 00167.201 00185.821 00214.061 00259.371 00291.033
00515.451 00716.045 00727.720 00693.535 00597.958 00342.350 00744.103 00742.046 00547.541 00542.347 00611.765 00675.444 00734.137 00770.460 00805.865 00831.985 00845.833 00859.132 00895.811 00604.845 00296.814 00142.399 00002.144 00001.699 00002.916 00000.890 00001.391 00002.418 00002.837 00002.238 00002.806 00005.027 00105.829 00564.781 00461.417 00459.433 00424.230 00323.459 00204.802 00157.195 00130.739 00168.124 00196.877 00235.024 00190.387 00148.261 00109.087 00081.636 00051.007 00018.859 00113.921 00154.673 00247.196 00233.500 00189.549 00183.954 00163.444 00191.221 00177.795 00085.117
00617.079 00774.404 00827.068 00878.532 00530.257 00312.322 00698.315 00739.534 00629.308 00531.226 00532.069 00602.125 00676.209 00750.077 00804.668 00807.061 00772.561 00809.898 00706.748 00484.673 00185.372 00002.631 00001.415 00003.390 00002.029 00002.755 00003.693 00003.879 00003.777 00005.633 00005.327 00007.983 00155.384 00568.761 00461.874 00429.282 00389.658 00329.150 00228.065 00160.452 00122.837 00136.887 00182.819 00174.064 00117.708 00095.874 00075.090 00048.612 00000.712 00085.137 00110.961 00126.849 00131.757 00118.305 00164.670 00145.583 00138.817 00143.480 00106.714 00067.554
00677.817 00860.212 00921.259 00875.153 00441.322 00293.445 00646.206 00693.783 00629.199 00517.678 00548.534 00543.015 00678.722 00821.791 00795.357 00788.567 00839.764 00662.425 00524.077 00405.306 00012.955 00002.341 00001.903 00001.064 00002.272 00004.305 00005.228 00007.271 00007.724 00008.985 00029.183 00613.309 00696.915 00532.795 00429.552 00384.536 00340.141 00297.964 00233.792 00155.393 00114.547 00106.982 00121.325 00086.835 00081.596 00063.911 00038.165 00006.716 00089.671 00067.706 00051.511 00020.290 00020.389 00006.667 00008.696 00011.827 00058.926 00115.234 00103.288 00010.720
00759.177 00819.367 00879.642 00706.013 00402.458 00265.968 00569.910 00568.419 00560.461 00494.787 00528.548 00539.378 00739.149 00894.788 00956.895 00990.584 00700.190 00502.089 00427.300 00379.458 00004.710 00002.068 00002.435 00001.514 00025.102 00072.746 00181.564 00251.788 00333.070 00477.332 00621.745 00632.800 00626.049 00560.800 00387.723 00343.201 00301.508 00261.896 00209.779 00143.516 00103.929 00077.149 00066.450 00056.695 00060.620 00023.589 00034.539 00014.907 00042.028 00002.650 00061.838 00071.385 00075.017 00078.567 00081.869 00079.819 00077.498 00069.487 00051.566 00060.809
00658.635 00766.451 00796.920 00550.205 00327.673 00197.140 00432.140 00470.600 00527.203 00513.194 00533.534 00644.969 00824.374 00956.115 01127.478 00944.058 00558.800 00422.637 00396.713 00069.603 00003.843 00004.170 00004.060 00001.296 00002.895 00147.669 00190.199 00296.671 00426.209 00511.575 00521.130 00548.606 00541.687 00490.276 00377.704 00310.975 00268.757 00230.060 00173.953 00101.056 00069.236 00060.974 00052.720 00076.624 00075.585 00075.848 00075.633 00073.046 00071.814 00076.656 00082.153 00086.902 00091.320 00093.363 00088.663 00086.261 00087.820 00061.649 00066.116 00070.853
00672.421 00767.994 00725.730 00588.220 00290.171 00221.941 00357.571 00404.040 00458.842 00488.057 00516.965 00597.490 00903.658 01151.407 01089.387 00729.367 00478.292 00384.961 00397.314 00006.683 00005.403 00004.744 00004.207 00002.104 00013.024 00156.919 00217.171 00369.222 00449.069 00490.453 00480.164 00483.430 00462.754 00457.681 00368.600 00283.622 00236.359 00185.270 00105.909 00067.218 00165.034 00153.710 00146.542 00141.670 00137.697 00130.554 00118.535 00072.185 00075.491 00080.585 00084.648 00088.920 00091.736 00092.082 00088.014 00092.327 00091.824 00067.638 00062.906 00150.616
00573.074 00630.377 00727.936 00604.652 00312.755 00365.053 00305.889 00360.623 00379.740 00409.016 00509.677 00592.677 00938.466 01024.471 00814.178 00568.954 00433.168 00380.013 00394.079 00009.243 00008.894 00007.361 00006.274 00007.662 00031.856 00098.431 00320.354 00417.412 00421.762 00448.153 00443.757 00446.359 00459.651 00392.922 00369.811 00258.451 00223.384 00143.014 00113.819 00174.202 00153.819 00107.173 00107.658 00107.507 00107.151 00109.722 00112.261 00111.969 00110.140 00113.532 00122.849 00140.305 00142.493 00140.239 00141.275 00148.034 00145.201 00141.968 00158.480 00209.960
00611.914 00572.507 00683.427 00668.071 00412.148 00263.564 00313.823 00549.401 00578.225 00539.538 00506.969 00674.611 00736.699 00815.557 00630.889 00462.825 00402.594 00389.396 00386.009 00098.850 00009.967 00009.086 00008.281 00005.950 00033.028 00262.238 00367.357 00419.581 00412.307 00438.280 00422.431 00444.328 00431.085 00403.915 00345.222 00258.446 00230.182 00180.298 00121.226 00125.349 00147.235 00152.326 00150.094 00148.051 00155.547 00166.581 00168.652 00165.748 00175.158 00193.199 00194.979 00170.952 00155.673 00144.985 00141.998 00147.219 00136.766 00171.586 00210.701 00352.937
00548.475 00537.550 00619.630 00587.505 00372.032 00258.220 00347.878 00753.254 01625.540 00531.290 00546.300 00610.949 00677.330 00603.723 00507.865 00434.189 00400.953 00408.910 00379.842 00353.453 00120.431 00309.819 00365.301 00333.042 00415.199 00387.257 00411.171 00416.204 00385.486 00430.050 00496.573 00572.927 00431.207 00370.661 00342.671 00327.640 00233.230 00173.584 00161.320 00167.646 00176.884 00180.519 00194.221 00205.943 00210.002 00229.938 00256.230 00266.974 00268.438 00245.893 00262.366 00261.503 00251.506 00243.686 00262.800 00286.776 00288.213 00338.737 00349.759 00354.177
00338.198 00626.976 00566.855 00446.287 00333.269 00263.812 00341.163 01255.906 01600.897 01329.665 00534.633 00591.779 00567.482 00465.567 00418.328 00426.396 00413.178 00415.443 00383.848 00368.754 00416.483 00506.297 00507.772 00467.417 00372.111 00493.088 00543.302 00434.847 00409.458 00432.168 00494.207 00516.334 00456.774 00424.689 00385.946 00293.768 00312.442 00275.269 00197.780 00173.275 00230.548 00338.812 00411.435 00475.949 00432.010 00523.975 00573.146 00458.483 00357.646 00323.520 00335.309 00362.742 00380.827 00292.203 00369.259 00356.846 00443.509 00576.097 00376.420 00324.144
00574.391 00455.677 00407.445 00400.059 00395.529 00286.020 00710.990 01725.622 01570.857 01505.981 00532.499 00528.069 00481.139 00408.236 00391.784 00415.221 00409.987 00403.824 00387.271 00361.281 00419.922 00447.888 00401.258 00492.509 00628.359 00654.769 00632.223 00490.504 00416.329 00394.724 00467.427 00502.649 00463.453 00427.152 00251.811 00283.600 00315.382 00197.082 00189.006 00208.058 00307.588 00463.893 00598.136 00567.422 00605.254 00719.225 00657.347 00710.251 00699.424 00458.934 00550.203 00729.802 00371.881 00403.002 00430.458 00265.990 00384.124 00440.940 00360.557 00270.300
00830.115 00446.053 00441.357 00447.533 00416.439 00437.008 01744.939 01607.324 01465.518 01355.761 00467.430 00445.792 00442.634 00421.232 00374.914 00380.565 00416.816 00395.213 00377.133 00345.501 00398.958 00377.116 00459.453 00592.475 00798.031 00732.276 00642.653 00517.366 00395.810 00350.712 00473.468 00510.197 00475.571 00365.745 00264.970 00307.709 00351.665 00210.448 00192.338 00238.319 00369.749 00575.985 00915.672 00950.355 00857.097 00775.325 00901.247 00650.015 00536.111 00502.849 00543.630 00311.369 00365.188 00302.632 00350.779 00296.811 00374.476 00316.580 00299.236 00239.886
00512.331 00568.321 00594.763 00433.673 00489.620 01515.917 01617.906 01476.058 01328.391 01147.777 00399.035 00409.014 00407.488 00446.033 00418.310 00417.580 00461.293 00392.212 00322.242 00308.214 00295.324 00250.493 00469.584 00657.983 00824.124 00732.690 00620.969 00501.218 00424.541 00350.015 00379.473 00490.515 00404.975 00305.590 00269.028 00311.755 00267.053 00206.771 00184.074 00246.948 00322.909 00417.188 00920.442 01136.257 01078.203 00766.925 00653.952 00501.162 00383.695 00346.188 00250.655 00472.086 00415.887 00347.767 00299.275 00319.493 00299.575 00301.999 00256.416 00228.303
00723.438 00704.329 00583.980 00842.193 01402.247 01687.945 01480.051 01310.500 01114.697 00879.721 00340.407 00409.318 00417.915 00542.731 00449.169 00436.222 00456.679 00304.882 00240.948 00238.094 00212.197 00360.970 00491.510 00618.725 00753.166 00689.228 00566.970 00470.808 00399.721 00342.550 00336.311 00364.246 00353.706 00199.195 00226.361 00247.796 00239.569 00171.194 00187.498 00236.238 00274.126 00381.916 00554.730 00989.955 00849.846 00510.613 00414.802 00268.631 00302.414 00410.911 00569.581 00508.362 00462.345 00301.218 00280.633 00300.802 00306.226 00294.827 00230.164 00209.862
00984.463 00748.164 00631.812 01001.526 01433.950 01527.480 01322.606 01097.671 00862.671 00643.513 00367.528 00423.283 00480.740 00496.019 00421.899 00423.913 00421.777 00247.606 00213.865 00201.936 00164.389 00314.307 00407.727 00523.489 00610.677 00548.160 00535.431 00455.458 00324.597 00327.466 00299.088 00272.620 00232.231 00216.778 00230.873 00244.785 00174.442 00176.596 00192.504 00207.601 00216.840 00189.886 00489.199 00698.126 00341.809 00308.318 00234.850 00550.159 00456.157 00519.431 00493.199 00515.245 00335.796 00276.359 00282.705 00305.647 00311.993 00274.017 00212.386 00204.238
01124.602 00802.198 00977.629 00681.700 01486.095 01322.693 01089.682 00819.724 00605.185 00309.525 00334.531 00453.512 00532.617 00442.983 00345.121 00280.284 00240.367 00215.273 00173.397 00142.619 00449.891 00291.553 00323.740 00307.066 00398.472 00395.412 00395.992 00336.839 00282.335 00276.798 00300.517 00297.912 00179.942 00224.303 00252.564 00281.708 00185.781 00192.574 00299.185 00608.038 00194.697 00158.187 00275.376 00164.336 00222.673 00951.126 00503.958 00548.367 00502.705 00496.274 00524.034 00462.747 00263.476 00266.415 00271.793 00313.003 00299.425 00248.211 00198.210 00192.264
00987.129 00738.121 01131.831 01535.233 01254.242 01046.203 00759.890 00542.338 00385.072 00262.173 00353.674 00402.554 00337.664 00249.189 00219.077 00215.059 00166.246 00159.730 00413.869 00344.025 00320.401 00229.962 00194.808 00325.351 00369.741 00411.264 00436.094 00368.021 00283.150 00295.471 00295.699 00263.311 00177.317 00224.228 00248.348 00244.658 00190.961 00371.574 00475.971 00526.801 00230.237 00140.829 00129.383 00467.017 00643.086 00881.985 00546.114 00510.362 00489.483 00547.187 00487.718 00382.019 00259.476 00254.684 00337.845 00333.759 00274.038 00223.855 00191.839 00188.208
00610.781 00955.587 01305.161 01219.875 01019.848 00747.693 00433.093 00220.292 00213.348 00246.688 00268.848 00263.651 00200.861 00232.076 00266.532 00554.226 00186.793 00197.461 00267.721 00243.020 00236.281 00179.908 00281.601 00323.992 00374.113 00414.536 00434.999 00453.864 00489.747 00339.762 00325.000 00186.093 00289.367 00370.517 00445.853 00457.104 00350.597 00397.771 00716.308 00383.076 00163.584 00135.635 00163.313 00290.065 00554.884 00530.663 00502.090 00506.643 00538.515 00522.291 00420.689 00293.142 00243.491 00258.877 00308.530 00329.555 00280.654 00192.983 00173.717 00170.169
00493.856 01215.018 00810.480 00936.513 00717.888 00437.458 00274.588 00501.588 00362.803 00415.352 00490.399 00376.545 00428.590 00622.479 00567.950 00427.340 00262.994 00297.845 00206.568 00205.393 00258.987 00269.730 00291.013 00367.035 00393.665 00419.653 00443.601 00451.411 00464.331 00544.749 00365.553 00217.021 00314.430 00414.996 00627.485 00293.557 01014.541 00807.357 00602.209 00338.189 00187.805 00194.463 00189.001 00235.220 00439.185 00431.821 00462.499 00506.672 00592.364 00475.577 00342.044 00252.110 00249.041 00293.078 00320.720 00312.004 00221.632 00187.839 00161.093 00135.246
