Assets/WUInity/Farsite/test_dataset/Ashley/output/test.fli
NCOLS 382
NROWS 266
XLLCORNER 157819.328125
YLLCORNER 384678.625000
CELLSIZE 30.000000
NODATA_VALUE -1
[rows 78 to 103 of 266, columns 180 to 239 of 382]
00047.105 00047.846 00052.603 00059.259 00055.942 00056.639 00064.164 00077.805 00102.672 00138.842 00174.569 00215.713 00283.153 00238.068 00166.732 00096.066 00067.955 00041.046 00031.491 00054.541 00068.316 00041.869 00032.877 00052.613 00060.114 00057.073 00079.566 00074.878 00090.009 00117.816 00151.570 00113.443 00038.031 00074.838 00008.667 00002.889 00003.253 00004.203 00004.715 00006.573 00006.498 00010.389 00010.599 00010.209 00008.622 00057.735 00232.809 00226.829 00192.851 00179.759 00207.786 00245.213 00279.726 00260.306 00269.661 00260.565 00206.977 00191.957 00189.208 00291.691
00008.265 00016.898 00037.917 00042.500 00044.578 00044.866 00027.320 00011.399 00005.330 00003.779 00107.265 00232.216 00133.312 00096.635 00093.587 00001.947 00068.396 00081.371 00085.311 00080.490 00001.155 00050.178 00060.742 00078.028 00073.002 00073.887 00120.849 00120.815 00286.289 00447.982 00357.044 00066.077 00009.436 00056.047 00004.084 00003.123 00001.211 00003.138 00004.451 00007.996 00006.962 00006.546 00009.968 00008.745 00007.280 00248.447 00228.845 00203.616 00186.255 00161.992 00179.982 00216.975 00220.654 00249.823 00248.685 00264.575 00220.183 00187.709 00186.043 00228.105
00058.003 00063.892 00067.663 00068.999 00073.218 00074.115 00072.376 00071.397 00061.098 00004.275 00043.540 00016.177 00048.567 00063.171 00079.732 00074.815 00085.382 00091.890 00103.615 00086.354 00063.350 00060.595 00075.236 00081.470 00124.440 00124.608 00346.242 00590.328 00683.758 00794.846 00897.146 00997.599 00011.877 00007.951 00008.346 00005.151 00004.247 00002.281 00003.787 00008.398 00007.938 00007.902 00006.581 00008.800 00033.900 00156.934 00199.611 00186.844 00171.828 00152.041 00162.703 00178.559 00195.721 00218.577 00253.011 00256.473 00222.961 00224.281 00171.603 00179.301
00071.752 00075.398 00076.491 00082.566 00081.118 00080.416 00082.346 00072.849 00069.418 00070.404 00072.426 00075.411 00077.023 00079.542 00081.780 00086.702 00105.939 00123.102 00122.006 00059.718 00082.458 00080.343 00120.948 00129.087 00492.857 00601.956 00700.983 00812.846 00906.558 00985.179 01047.696 00832.404 00255.976 00012.830 00010.043 00009.028 00005.419 00002.956 00003.318 00277.287 00009.631 00052.979 00211.492 00081.498 00018.990 00158.137 00171.825 00174.802 00140.090 00142.000 00148.490 00150.382 00195.784 00202.397 00227.848 00231.470 00235.550 00230.629 00192.249 00200.184
00075.872 00074.752 00083.000 00084.408 00088.646 00089.244 00080.940 00073.998 00074.608 00078.498 00081.090 00084.024 00084.588 00089.743 00075.495 00092.251 00114.029 00115.129 00111.269 00089.247 00088.376 00131.035 00328.315 00825.823 00997.633 01086.455 00962.577 00930.360 00997.613 01092.639 01243.605 01281.883 01250.230 00018.580 00013.406 00010.745 00007.872 00003.969 00001.103 00306.776 00393.322 00158.513 00187.026 00157.030 00189.970 00157.202 00150.612 00154.399 00131.737 00134.649 00147.203 00152.511 00154.176 00186.383 00196.676 00217.575 00215.974 00213.881 00233.589 00225.544
00094.510 00105.112 00107.783 00119.063 00111.161 00104.033 00094.269 00095.352 00098.714 00101.429 00101.476 00100.731 00102.217 00093.377 00104.294 00121.513 00136.893 00152.600 00169.834 00085.886 00127.790 00245.117 00740.298 01025.752 01167.488 01239.379 01294.010 01282.516 01204.620 01211.204 01243.400 01322.666 01393.265 01368.544 00610.333 00014.065 00009.717 00005.919 00002.757 00002.954 00248.397 00227.188 00164.693 00161.403 00161.842 00146.427 00152.988 00145.234 00128.400 00137.223 00151.079 00155.128 00136.989 00172.819 00202.759 00198.200 00217.992 00208.535 00202.175 00203.916
00171.657 00167.141 00150.387 00125.500 00094.810 00094.786 00094.000 00092.625 00091.483 00091.548 00092.181 00096.187 00097.428 00095.275 00104.098 00135.689 00173.740 00098.138 00117.144 00117.442 00234.023 00464.647 00884.360 01049.965 01098.842 01189.834 01287.640 01274.167 01209.076 01188.881 01206.369 01262.808 01335.030 01368.426 01329.013 00020.405 00015.199 00007.608 00003.604 00000.392 00068.634 00198.735 00147.530 00140.824 00145.357 00138.561 00137.147 00142.023 00131.088 00139.916 00152.122 00149.371 00141.120 00160.772 00176.428 00207.425 00198.831 00200.935 00196.451 00223.817
00163.331 00156.708 00187.867 00155.930 00149.799 00156.869 00156.194 00166.016 00172.869 00179.883 00173.809 00161.140 00143.760 00141.838 00165.533 00125.143 00118.556 00120.613 00109.116 00286.584 00482.626 00544.918 00871.271 00973.879 00972.678 01058.569 01157.148 01154.991 01148.456 01158.788 01177.752 01197.646 01181.496 01248.884 01279.707 01206.441 00022.992 00016.721 00005.403 00002.553 00012.413 00076.837 00122.636 00122.226 00131.490 00125.310 00133.138 00139.964 00131.781 00139.481 00153.812 00150.390 00141.972 00157.674 00164.927 00182.773 00200.913 00208.387 00205.545 00244.607
00295.810 00247.940 00157.601 00150.102 00176.212 00188.756 00204.896 00195.567 00189.892 00175.568 00154.710 00155.519 00145.164 00141.473 00139.412 00140.105 00125.642 00124.484 00179.666 00232.959 00243.870 00427.173 00623.277 00797.642 00780.489 00899.659 01056.739 01104.221 01148.887 01212.353 01223.274 01192.519 01129.507 01113.213 01098.130 01101.489 01216.759 00023.210 00008.847 00003.297 00003.882 00078.402 00103.106 00101.376 00124.815 00114.856 00132.655 00129.872 00135.878 00139.628 00151.270 00090.458 00151.082 00153.530 00158.000 00169.379 00168.278 00166.483 00205.394 00242.277
00469.955 00395.454 00204.419 00213.566 00231.080 00313.369 00335.389 00362.779 00371.316 00253.019 00170.954 00137.046 00138.776 00135.928 00138.520 00151.172 00177.078 00217.695 00222.328 00262.072 00262.608 00205.080 00462.482 00632.919 00702.109 00833.203 01006.764 01070.252 01140.485 01246.160 01356.245 01319.862 01167.759 01007.888 00974.950 01010.585 01200.483 01136.180 00012.975 00004.005 00001.105 00037.883 00054.283 00091.351 00118.473 00129.104 00071.233 00135.168 00118.597 00106.292 00152.984 00097.237 00154.798 00098.705 00137.935 00144.384 00088.848 00129.275 00174.434 00260.492
00650.610 00494.305 00313.045 00305.782 00413.056 00478.616 00541.703 00550.556 00368.078 00274.054 00264.628 00270.556 00223.516 00184.232 00202.196 00294.425 00301.078 00350.009 00346.163 00252.144 00254.633 00225.828 00372.227 00494.184 00594.159 00774.480 00913.144 01012.425 01115.348 01223.518 01330.608 01339.628 01191.693 01059.009 00940.966 01031.271 01062.772 00457.558 00062.428 00004.519 00002.910 00010.736 00032.891 00041.401 00062.996 00051.780 00043.336 00041.713 00040.452 00036.427 00038.819 00040.004 00046.781 00037.819 00032.647 00045.695 00094.199 00116.260 00145.794 00229.643
00979.193 00301.329 00310.627 00372.203 00520.377 00618.810 00755.715 00580.356 00353.451 00362.391 00340.299 00346.009 00316.089 00330.712 00297.068 00722.159 00367.579 00356.415 00348.531 00311.593 00265.805 00225.488 00316.576 00380.216 00470.026 00585.692 00756.923 00894.011 00997.764 01095.715 01177.947 01252.684 01270.719 01034.494 00943.380 01057.412 00755.576 00717.537 00575.671 00006.563 00003.336 00003.099 00013.984 00035.786 00040.162 00036.572 00046.101 00050.498 00048.150 00044.486 00041.611 00042.654 00039.030 00033.023 00025.875 00025.289 00027.656 00035.272 00045.571 00052.415
00294.817 00309.537 00340.892 00458.632 00582.025 00743.245 00805.989 00385.180 00375.184 00398.215 00341.854 00381.228 00396.686 00486.078 00806.478 00933.628 00528.577 00409.922 00406.534 00293.518 00278.424 00232.709 00324.228 00334.216 00376.524 00468.611 00678.620 00939.316 01049.952 01113.126 00988.594 01073.820 01119.846 00992.767 00959.567 01130.870 00752.364 00521.678 00101.599 00009.076 00004.830 00003.647 00001.755 00021.768 00055.901 00052.606 00055.268 00039.775 00057.383 00045.361 00044.500 00037.844 00033.206 -0001.000 -0001.000 -0001.000 -0001.000 00031.270 00039.226 00049.157
00287.139 00327.919 00434.874 00568.858 00684.447 00811.576 00954.333 00388.448 00444.874 00391.858 00385.208 00411.334 00470.105 00617.576 00837.218 00777.936 00492.695 00451.511 00431.973 00336.151 00281.370 00274.926 00416.207 00352.051 00335.925 00379.623 00525.293 00855.904 00961.190 01054.497 01073.319 00946.226 00980.582 00930.345 00957.159 00722.820 00666.034 00224.687 00633.943 00359.462 00006.443 00004.825 00003.010 00001.196 00028.032 00059.880 00066.556 00049.134 00039.653 00038.137 00040.098 -0001.000 -0001.000 -0001.000 -0001.000 -0001.000 -0001.000 -0001.000 -0001.000 -0001.000
00311.512 00434.102 00583.996 00736.967 00795.117 00845.598 00545.619 00437.627 00367.344 00405.688 00383.329 00432.675 00505.587 00678.401 00886.002 01065.175 00846.662 00496.164 00482.503 00363.319 00317.590 00315.112 00497.924 00379.750 00336.118 00362.689 00435.260 00639.671 00739.285 00878.528 00951.556 00951.036 00835.300 00957.335 00970.105 00617.929 00562.846 00462.568 00799.132 00794.715 00010.227 00008.190 00003.923 00002.520 00002.625 00044.677 00066.301 00069.925 00039.324 00053.785 00042.243 -0001.000 -0001.000 -0001.000 -0001.000 -0001.000 -0001.000 -0001.000 -0001.000 -0001.000
00400.918 00523.883 00669.847 00738.314 00772.030 00748.917 00456.745 00573.012 00421.385 00398.174 00401.569 00459.945 00505.024 00705.993 00891.628 01087.999 01447.623 00463.541 00687.068 00377.194 00313.307 00393.962 00531.017 00496.517 00401.328 00410.910 00408.567 00497.477 00583.607 00682.368 00839.061 00888.087 00875.842 01063.179 00690.918 00607.525 00464.897 00568.786 00934.359 00817.989 00615.830 00466.109 00006.552 00003.164 00001.740 00002.981 00047.441 00059.234 00056.110 00060.915 00043.857 -0001.000 -0001.000 -0001.000 -0001.000 -0001.000 -0001.000 -0001.000 -0001.000 -0001.000
00438.446 00557.937 00660.567 00695.034 00749.441 00534.023 00449.149 00556.403 00425.762 00396.717 00419.919 00464.393 00543.379 00737.637 00980.425 01183.763 01842.576 00598.780 01133.252 00349.556 00338.178 00446.020 00541.722 00517.465 00467.353 00424.769 00417.600 00435.235 00504.916 00611.317 00641.293 00787.033 01002.090 00971.988 00818.562 00865.354 00388.578 00696.555 00948.443 00795.608 00809.902 00610.122 00488.408 00004.857 00002.547 00002.344 00042.955 00029.943 00047.458 00053.263 00044.494 -0001.000 -0001.000 -0001.000 -0001.000 -0001.000 -0001.000 -0001.000 -0001.000 -0001.000
00409.932 00477.378 00576.971 00691.911 00659.928 00379.057 00493.517 00416.272 00390.803 00416.387 00474.421 00464.615 00562.664 00684.285 01021.761 01617.046 01666.650 00900.364 01002.500 00392.476 00358.263 00487.491 00569.494 00539.044 00480.163 00434.119 00451.264 00404.581 00421.902 00521.563 00544.533 00640.939 01020.174 00818.789 00861.400 00813.739 00471.185 00749.129 00915.542 00747.660 00862.479 00889.648 00566.798 00388.375 00003.362 00001.763 00004.420 00013.801 00039.483 00039.326 00020.238 -0001.000 -0001.000 -0001.000 -0001.000 -0001.000 -0001.000 -0001.000 -0001.000 -0001.000
00375.328 00465.604 00548.687 00626.828 00684.201 00445.154 00478.136 00306.810 00436.553 00480.642 00474.795 00497.927 00536.017 00904.441 01341.859 01872.011 01442.797 00788.914 00831.572 00344.468 00371.356 00479.013 00577.825 00612.423 00504.378 00448.307 00448.129 00438.341 00389.934 00394.450 00464.938 00537.668 00843.038 00877.246 00886.428 00594.363 00471.060 00838.094 00927.761 00714.559 00849.350 00947.280 00818.651 00523.436 00004.492 00002.309 00002.999 00003.864 00024.582 00011.167 -0001.000 -0001.000 -0001.000 -0001.000 -0001.000 -0001.000 -0001.000 -0001.000 -0001.000 -0001.000
00321.268 00386.118 00492.440 00623.047 00421.995 00432.459 00482.258 00349.899 00471.671 00519.517 00453.843 00511.202 00697.111 00989.742 01693.742 01948.598 01833.720 00617.707 00577.167 00313.880 00361.451 00443.602 00534.731 00572.051 00536.072 00472.159 00440.155 00431.324 00397.117 00363.513 00357.740 00800.517 00863.648 00939.984 00957.330 00580.400 00445.578 00982.045 00809.977 00717.851 00873.040 01039.692 00883.605 00594.107 00284.257 00002.510 00002.411 00002.760 00003.370 00003.623 -0001.000 -0001.000 -0001.000 -0001.000 -0001.000 -0001.000 -0001.000 -0001.000 -0001.000 -0001.000
00419.883 00358.725 00442.809 00437.173 00391.051 00556.265 00539.636 00446.882 00517.709 00342.828 00453.795 00547.386 00650.139 01106.395 01759.881 01778.161 01794.240 00698.261 00511.739 00313.546 00340.867 00391.340 00467.798 00499.183 00487.355 00483.308 00476.794 00401.262 00388.635 00345.624 00336.061 00597.589 00835.617 00943.055 00903.542 00616.313 00529.863 00954.665 00738.752 00670.087 00869.812 01085.100 01034.685 00663.103 00265.353 00003.331 00003.403 00002.168 00002.593 00003.464 00003.187 -0001.000 -0001.000 -0001.000 -0001.000 -0001.000 -0001.000 -0001.000 -0001.000 -0001.000
00504.261 00522.360 00500.518 00431.843 00573.811 00637.140 00550.576 00494.847 00544.173 00352.288 00468.224 00536.530 00960.321 01506.340 01571.455 01571.361 00899.055 00638.694 00517.838 00340.031 00457.344 00373.810 00416.084 00439.291 00450.698 00458.722 00451.070 00449.766 00353.440 00315.739 00372.941 00527.152 00653.221 00817.663 00725.478 00552.653 00617.509 00857.060 00681.199 00631.942 00744.085 00936.971 00933.654 00834.852 00309.695 00004.953 00005.781 00002.610 00002.208 00003.199 00003.188 -0001.000 -0001.000 -0001.000 -0001.000 -0001.000 -0001.000 -0001.000 -0001.000 -0001.000
00542.000 00556.912 00491.602 00498.767 00565.662 00649.889 00416.217 00477.926 00597.368 00403.436 00469.218 00633.887 00811.327 01063.267 01532.493 01327.081 00504.193 00607.193 00661.757 00389.553 00451.342 00416.277 00407.202 00429.154 00443.682 00444.946 00437.377 00427.397 00403.713 00296.467 00310.004 00450.429 00553.612 00715.455 00593.579 00514.940 00604.688 00738.872 00625.876 00613.450 00692.675 00831.886 00804.959 00796.272 00280.481 00085.034 00008.887 00002.832 00001.352 00002.955 00003.229 -0001.000 -0001.000 -0001.000 -0001.000 -0001.000 -0001.000 -0001.000 -0001.000 -0001.000
00565.892 00588.169 00436.508 00525.506 00613.447 00554.976 00414.703 00505.159 00528.481 00411.757 00477.248 00575.011 00670.072 00698.899 00951.277 01427.145 00529.934 00473.141 00659.376 00469.080 00468.067 00439.434 00438.981 00439.082 00441.755 00438.140 00426.368 00410.000 00371.324 00302.570 00456.620 00495.414 00521.834 00519.800 00524.316 00546.001 00601.804 00637.577 00558.404 00581.846 00668.641 00798.468 00965.552 00713.268 00269.445 00216.000 00173.963 00003.100 00001.665 00002.675 00003.242 -0001.000 -0001.000 -0001.000 -0001.000 -0001.000 -0001.000 -0001.000 -0001.000 -0001.000
00476.494 00481.036 00542.605 00702.962 00694.845 00412.243 00425.001 00482.828 00452.059 00412.311 00469.429 00472.545 00536.318 00542.715 00639.304 00975.993 00488.074 00474.090 00893.439 00383.861 00491.350 00455.227 00454.257 00464.583 00446.156 00444.025 00410.575 00386.379 00354.118 00362.640 00434.345 00448.481 00512.444 00528.860 00523.869 00484.840 00644.196 00654.945 00486.710 00514.740 00641.030 00732.030 00871.460 00597.091 00272.019 00230.939 00266.892 00003.475 00001.901 00002.557 00003.388 -0001.000 -0001.000 -0001.000 -0001.000 -0001.000 -0001.000 -0001.000 -0001.000 -0001.000
00505.803 00446.577 00537.212 00600.595 00579.663 00470.962 00476.181 00490.800 00445.739 00406.749 00495.320 00593.798 00527.531 00498.584 00486.545 00413.506 00651.779 00404.831 00794.362 00520.031 00527.660 00455.617 00434.022 00440.587 00426.167 00399.422 00386.957 00352.193 00345.559 00354.300 00456.768 00452.964 00465.554 00566.330 00388.424 00659.945 00813.356 00719.950 00482.885 00488.714 00541.370 00722.171 00659.798 00472.545 00256.500 00305.456 00297.986 00003.876 00002.037 00002.240 00003.434 -0001.000 -0001.000 -0001.000 -0001.000 -0001.000 -0001.000 -0001.000 -0001.000 -0001.000
