Assets/WUInity/Farsite/test_dataset/Ashley/output/test.ros
NCOLS 382
NROWS 266
XLLCORNER 157819.328125
YLLCORNER 384678.625000
CELLSIZE 30.000000
NODATA_VALUE -1
[rows 136 to 169 of 266, columns 154 to 230 of 382]
08.34 09.00 09.32 09.53 10.35 11.39 14.51 05.54 09.20 11.93 05.27 07.76 11.80 12.43 13.13 13.92 14.84 15.67 16.40 17.45 17.99 16.81 21.72 13.00 07.95 03.44 03.88 01.34 15.15 23.45 24.18 25.27 26.39 26.42 21.53 20.59 16.69 05.73 13.65 08.56 05.64 10.89 07.80 10.43 13.91 13.36 04.77 02.12 02.14 02.16 02.16 14.96 14.13 18.72 16.00 15.40 12.21 02.19 02.59 02.76 02.59 02.52 04.79 00.18 00.18 00.10 00.07 00.06 01.07 02.82 03.74 04.97 05.24 05.50 06.10 07.14 06.82
08.01 08.68 08.99 09.22 09.91 10.60 12.21 08.76 10.16 10.63 11.18 09.84 11.57 12.21 12.93 13.76 14.70 15.54 16.30 17.33 18.36 19.81 21.02 22.78 24.29 19.64 03.97 01.58 20.27 19.13 18.36 18.45 22.10 23.85 14.59 22.07 09.45 03.80 03.63 03.56 03.34 03.22 05.67 12.42 11.88 12.24 06.87 13.99 17.61 03.05 02.07 02.06 05.42 07.63 06.74 02.50 20.00 03.55 03.40 03.99 04.91 04.61 02.64 00.16 00.17 00.11 00.07 00.07 02.14 02.68 04.22 04.96 05.57 05.68 05.52 05.62 05.76
07.99 08.39 08.73 08.95 09.44 10.04 10.48 09.25 09.62 10.01 10.40 10.76 11.31 11.99 12.72 13.59 14.58 15.43 16.43 17.33 18.37 19.56 20.44 23.31 23.21 13.06 08.95 03.14 15.99 18.97 17.47 15.95 11.01 11.67 06.52 10.37 04.51 05.95 03.60 03.52 03.40 03.01 05.36 11.87 09.09 16.53 17.60 19.39 22.49 22.87 11.19 01.84 01.90 03.46 31.35 13.38 03.96 04.34 04.60 04.73 04.83 03.40 01.23 00.17 00.19 00.10 00.09 00.08 01.98 03.07 04.59 05.54 06.38 05.82 05.43 05.21 05.16
07.97 08.23 08.48 08.78 09.27 09.49 09.62 08.67 09.17 09.77 10.06 10.56 11.07 11.81 12.55 13.41 14.61 15.41 16.42 17.39 18.33 22.78 24.99 24.78 24.96 24.63 23.91 22.90 21.82 20.44 19.07 17.92 16.77 11.25 02.63 04.79 09.13 17.13 18.07 03.52 03.36 02.97 05.23 09.22 06.54 16.07 16.18 18.74 23.59 22.76 21.91 04.38 01.73 04.54 04.95 10.37 04.33 04.53 04.83 05.09 04.43 01.92 00.54 00.23 00.22 00.14 00.14 00.22 01.57 03.36 04.63 06.44 07.39 07.75 05.71 05.06 04.86
07.86 08.08 08.24 08.60 09.10 09.23 09.19 08.29 08.78 09.33 09.76 10.40 10.86 11.62 12.36 13.35 14.35 15.33 16.53 18.80 27.49 26.93 26.69 26.52 25.94 25.25 24.73 24.39 23.34 22.23 21.14 20.08 18.29 16.50 14.39 12.17 10.48 07.71 12.80 03.52 03.36 03.49 03.30 03.18 06.86 10.15 08.89 17.91 23.41 22.80 21.97 04.16 01.86 01.83 04.27 04.90 04.58 04.59 05.00 05.01 04.71 04.96 05.17 02.72 00.25 00.21 01.17 01.20 01.26 02.88 05.58 06.96 08.46 07.63 05.76 05.13 04.41
07.65 07.87 08.01 08.37 08.86 08.97 08.75 07.87 08.34 08.90 09.50 10.26 10.68 11.40 12.17 13.12 14.15 15.39 21.25 29.37 28.98 28.32 27.86 27.38 26.81 26.17 25.23 24.63 24.25 23.49 22.31 21.11 19.90 18.15 16.20 15.04 12.41 08.61 03.40 03.50 03.58 03.43 03.33 03.34 03.38 04.94 11.11 21.42 22.76 22.49 22.33 01.66 01.78 01.75 01.88 04.67 04.81 04.72 04.88 04.62 04.70 04.96 05.37 06.00 00.52 00.26 00.25 00.18 00.96 05.27 06.45 07.75 08.78 09.01 06.68 05.01 03.25
07.45 07.62 07.87 08.12 08.46 08.69 08.33 07.53 07.78 08.37 09.06 10.04 10.39 11.18 11.99 13.06 14.09 22.58 31.33 30.92 30.17 29.93 29.09 28.62 28.63 27.76 26.55 25.75 25.00 24.21 23.41 22.19 20.95 19.72 18.41 17.06 15.72 12.05 04.61 02.12 02.41 02.76 04.88 08.51 04.79 09.12 14.08 18.89 21.22 21.77 22.40 22.68 18.12 01.65 01.84 04.31 04.78 04.95 04.81 04.41 04.63 04.84 04.97 05.61 06.68 06.99 07.32 07.42 07.38 07.52 07.88 08.44 08.24 08.80 07.02 05.34 03.80
07.32 07.46 07.74 07.79 08.16 08.36 08.03 07.27 07.34 07.91 08.55 09.40 09.96 10.95 11.98 12.89 22.34 32.68 32.39 31.93 31.72 30.85 30.35 29.98 29.43 28.68 28.21 26.95 26.48 26.10 24.94 23.65 22.34 21.09 19.86 18.50 17.04 15.62 14.38 13.20 10.65 02.89 09.57 10.73 09.69 09.05 08.19 09.28 17.75 20.54 21.88 21.95 22.24 01.72 01.82 03.35 04.63 04.72 04.50 04.37 04.45 04.64 04.87 05.07 05.14 06.36 06.57 06.57 06.61 07.13 07.53 07.52 07.89 08.46 07.42 04.55 03.83
07.26 07.34 07.49 07.59 07.95 08.02 07.83 06.99 07.06 07.45 07.99 08.68 09.48 10.74 11.81 12.67 34.04 33.78 33.52 33.22 32.82 32.41 31.95 31.50 31.14 31.39 30.61 29.66 28.92 28.04 26.94 25.62 24.24 22.81 21.58 20.29 18.84 16.88 15.15 14.05 12.94 11.72 11.14 10.69 09.95 09.05 08.41 07.57 07.08 17.44 19.87 20.33 16.42 03.16 01.84 01.95 02.05 02.78 03.19 02.08 01.98 03.75 04.64 04.92 05.02 05.03 05.88 06.02 06.41 07.07 07.05 07.35 07.42 08.03 04.96 04.70 05.14
07.24 07.24 07.32 07.46 07.83 07.79 07.61 06.70 06.79 06.97 07.44 08.12 08.82 10.28 11.43 35.44 35.20 34.97 34.72 34.44 34.14 33.81 33.51 33.20 32.96 33.25 32.30 31.51 30.87 30.13 29.14 28.14 26.91 25.33 23.51 22.00 20.73 19.45 17.61 15.77 14.03 12.61 11.48 10.97 10.44 09.50 08.31 07.64 06.94 08.91 13.82 16.16 14.67 02.04 01.97 01.98 02.01 02.02 02.01 02.03 02.06 01.91 01.89 04.35 04.83 04.85 05.03 05.46 05.98 06.23 06.49 06.99 07.00 06.49 04.27 04.36 04.88
07.14 07.19 07.22 07.33 07.55 07.73 07.54 06.44 06.52 06.68 06.89 07.31 08.15 09.56 16.86 36.63 36.41 36.19 35.94 35.68 35.38 35.08 34.77 34.46 34.40 34.05 33.85 33.61 33.36 32.56 31.54 30.45 29.11 27.58 26.03 24.23 22.35 21.21 19.77 17.89 15.96 14.03 12.65 11.69 10.88 10.23 08.84 07.69 06.91 06.50 11.59 10.63 10.70 09.70 03.84 02.05 02.05 02.03 01.99 02.03 02.06 02.05 02.04 01.95 03.47 04.50 04.68 04.85 05.02 05.39 05.91 06.31 06.64 07.53 04.12 10.14 05.50
06.89 06.98 06.90 07.19 07.36 07.51 07.48 06.25 06.29 06.42 06.49 06.61 07.44 08.57 38.11 37.92 37.73 37.55 37.48 37.22 36.91 36.57 36.23 35.87 35.48 35.39 35.95 35.27 34.78 34.23 33.52 32.58 31.14 29.69 28.62 27.01 26.69 25.50 23.43 21.21 18.84 16.54 14.34 12.57 11.12 10.13 09.12 07.96 07.11 06.51 13.69 12.03 11.19 11.34 11.46 04.74 01.68 01.62 01.82 05.16 01.95 02.06 02.05 02.00 02.02 02.04 02.03 02.03 04.71 04.87 05.15 06.03 05.89 04.29 12.97 04.09 22.46
06.73 06.73 06.80 06.97 07.17 07.27 07.38 06.21 06.13 06.18 06.13 06.25 06.76 08.18 39.40 39.23 39.06 39.12 39.06 38.84 38.55 38.25 37.95 37.68 37.37 37.42 37.16 36.66 36.19 35.71 34.97 33.73 32.56 32.39 32.24 31.11 29.97 28.61 26.86 24.49 21.98 19.36 16.73 14.22 12.34 10.58 09.45 08.45 07.38 06.63 15.13 14.48 12.35 11.30 11.40 11.74 11.18 10.35 09.66 09.14 08.42 07.44 01.99 02.09 02.00 01.96 01.92 01.92 04.05 04.81 04.98 04.99 04.93 04.12 03.64 18.39 35.66
06.68 06.62 06.57 06.75 06.97 07.07 07.16 06.73 05.96 05.96 05.85 05.96 06.08 06.76 39.97 39.73 39.40 39.09 38.74 38.54 38.28 38.04 37.86 38.32 38.60 38.37 38.03 37.58 37.50 37.26 35.92 34.94 34.56 35.27 34.68 33.35 31.87 30.24 28.86 27.50 25.77 23.14 20.37 17.63 14.98 12.53 10.21 08.43 07.48 06.81 06.45 16.25 14.69 13.62 12.79 11.96 11.62 11.27 10.89 09.80 09.19 08.66 06.87 01.12 01.99 01.96 01.94 01.86 01.88 04.62 04.91 04.89 04.54 04.27 04.50 05.73 06.76
06.59 06.55 06.53 06.64 06.71 06.89 06.97 06.80 05.77 05.69 05.54 05.67 05.71 05.79 40.26 39.78 39.12 38.27 37.49 37.17 36.85 36.47 36.10 37.63 38.88 38.60 37.87 37.52 37.95 37.93 36.82 35.88 35.54 36.48 35.83 35.04 33.36 31.96 30.86 29.95 28.58 27.44 25.12 22.25 19.24 15.86 12.39 09.75 07.32 06.51 06.30 19.19 17.50 15.95 14.59 13.49 12.43 11.86 11.47 11.02 10.23 09.23 08.21 06.66 05.82 10.96 11.03 01.90 01.83 01.97 04.08 04.61 04.11 03.79 03.57 02.80 05.03
06.47 06.43 06.53 06.60 06.62 06.73 06.78 06.70 05.43 05.40 05.31 05.14 05.21 05.04 37.89 37.45 36.93 36.81 36.31 35.82 34.82 32.73 29.65 21.78 19.07 16.75 37.72 37.46 38.42 38.61 37.73 36.79 36.22 36.16 35.11 33.73 32.43 32.28 33.10 33.36 34.10 33.79 31.87 29.42 25.93 21.27 15.86 10.57 07.59 06.23 05.98 20.60 19.81 18.34 16.79 15.27 14.08 13.03 12.28 11.87 11.27 09.86 08.58 07.07 05.98 05.56 13.35 01.89 01.96 01.96 02.02 02.07 02.03 02.12 02.21 02.25 02.73
06.30 06.26 06.27 06.38 06.37 06.44 06.57 06.50 06.02 05.04 04.97 04.74 04.61 04.44 35.22 34.00 32.50 30.68 28.61 26.61 26.17 23.37 20.89 13.63 07.77 04.43 09.29 30.87 22.05 20.65 26.29 32.12 36.51 35.86 34.34 32.42 30.71 30.62 31.49 33.25 36.42 37.23 37.01 36.37 35.27 32.39 26.05 15.05 06.17 06.03 05.84 22.66 21.85 20.67 19.53 18.39 16.82 15.13 13.95 12.90 12.01 11.47 09.68 08.05 06.52 05.62 05.43 11.23 01.99 02.01 01.98 01.98 01.99 02.05 16.74 02.14 02.13
06.18 06.14 06.04 06.10 06.20 06.16 06.32 06.32 06.14 04.76 04.66 04.47 04.40 04.23 04.04 04.03 26.47 24.57 22.85 20.97 18.93 16.58 14.13 09.16 14.22 06.88 12.99 18.92 10.85 05.43 04.13 13.62 36.43 35.55 33.55 31.00 28.98 28.97 29.94 32.65 35.81 36.19 35.46 34.42 32.65 29.25 23.33 13.74 06.23 06.01 05.89 26.76 25.60 24.33 22.86 21.75 20.32 19.05 17.71 16.14 14.46 12.88 10.82 09.27 07.71 05.94 05.44 05.31 14.39 08.01 01.87 08.37 09.56 09.96 19.13 07.44 02.01
05.98 06.00 05.90 05.89 05.86 05.89 05.91 06.00 06.00 05.89 04.55 04.34 04.19 04.13 04.05 03.93 04.02 03.83 19.31 17.25 14.90 12.60 23.69 19.79 21.34 15.25 08.20 03.01 03.12 08.87 05.05 04.57 36.08 35.02 32.88 30.04 27.71 26.47 26.48 26.40 27.59 27.68 26.45 25.49 22.93 18.97 14.12 09.62 07.03 05.93 32.03 31.16 29.96 28.87 27.62 26.30 24.72 23.14 21.52 19.81 18.29 15.59 12.67 10.89 08.61 07.48 05.55 05.30 04.89 15.48 17.78 15.35 18.24 17.20 17.47 15.38 03.78
05.79 05.71 05.82 05.74 05.70 05.71 05.58 05.69 05.65 06.16 06.16 05.94 04.31 05.31 06.94 07.53 06.47 05.90 10.18 11.74 28.87 28.27 27.10 25.54 24.34 21.93 19.15 16.47 07.93 02.56 04.57 14.47 09.77 32.51 31.15 29.08 26.71 25.02 23.84 22.77 21.59 21.00 19.56 17.44 15.05 12.26 09.81 07.13 06.07 35.74 34.84 34.11 33.68 32.75 31.73 30.41 28.66 26.80 25.04 23.04 21.12 18.68 15.31 12.14 09.50 07.53 06.69 05.31 05.02 10.79 16.29 17.19 16.95 15.93 15.92 15.65 15.45
05.76 05.63 05.58 05.74 05.55 05.54 05.59 06.98 06.33 06.81 07.02 06.43 05.95 05.76 05.64 07.22 06.66 08.90 11.49 32.15 32.24 31.37 30.26 29.48 28.16 28.25 28.00 23.88 15.23 10.72 07.22 30.53 22.99 12.28 28.48 26.74 25.20 23.57 21.60 19.87 18.25 16.52 14.86 12.61 10.26 08.91 06.87 05.92 39.52 38.52 37.58 37.24 36.59 35.77 34.81 33.49 31.93 30.87 29.18 26.99 24.47 21.43 17.82 14.05 10.60 08.13 07.10 05.66 05.15 04.82 14.87 16.57 15.78 14.62 14.93 14.97 14.25
06.45 06.42 07.04 06.54 06.36 07.03 06.48 07.31 06.85 07.10 07.10 06.88 05.63 05.73 05.57 06.23 06.51 07.95 15.83 35.91 35.44 34.85 34.19 33.47 32.60 32.92 31.86 30.94 28.27 23.05 16.11 30.39 26.33 21.51 25.59 24.26 21.94 19.95 18.18 16.66 14.94 13.18 11.51 09.97 08.59 07.60 06.74 38.67 38.30 38.43 38.60 39.13 39.48 39.07 38.18 37.29 37.52 36.66 34.67 32.06 29.39 26.16 21.37 15.71 11.17 08.61 06.92 06.09 05.40 05.37 13.15 15.74 14.52 13.87 14.52 13.85 13.13
06.48 06.49 07.00 07.17 07.12 06.90 06.93 07.32 07.43 07.23 07.10 07.08 05.76 05.71 05.50 05.40 05.80 06.58 39.19 39.08 38.93 38.77 38.59 38.36 38.27 37.89 37.67 37.48 36.49 33.31 32.21 30.40 28.33 26.27 24.20 22.13 20.01 18.18 16.82 14.74 12.38 10.52 08.95 07.96 07.73 38.78 38.15 37.27 36.96 37.19 37.30 37.64 38.06 38.49 38.22 37.84 38.72 38.45 37.31 35.89 34.59 31.84 27.37 20.45 10.67 07.55 06.89 06.28 05.75 05.71 11.22 14.81 13.84 13.93 13.29 12.57 12.02
06.40 06.56 06.74 06.77 06.93 06.79 06.78 06.88 07.04 07.11 07.05 07.06 06.65 05.62 05.36 05.26 05.13 05.51 38.82 38.40 37.92 37.37 36.75 36.03 35.05 34.14 34.53 33.35 32.18 29.96 27.34 24.20 22.83 22.35 21.00 13.00 06.76 15.21 11.08 10.14 10.14 09.27 08.30 37.57 37.56 37.25 36.75 35.78 35.62 35.95 36.05 36.15 36.62 37.45 37.23 36.49 35.91 35.79 35.41 34.36 33.06 31.21 28.36 22.35 09.02 06.96 07.03 06.55 06.07 06.24 08.06 13.74 13.66 12.81 11.76 11.37 10.42
06.00 06.16 06.50 06.61 06.72 06.72 06.69 06.57 06.62 06.82 06.82 06.81 06.68 05.41 05.24 05.10 04.98 04.86 04.66 35.05 34.34 33.52 32.59 31.54 30.69 29.75 28.72 28.45 26.76 25.10 23.46 21.61 19.95 17.71 14.88 09.55 03.68 02.29 06.88 09.56 09.75 37.61 37.25 36.86 36.64 36.38 35.90 35.30 34.67 34.21 33.83 33.38 33.04 32.89 32.69 32.02 31.75 32.11 31.46 30.40 28.32 25.48 21.16 15.64 10.51 07.95 07.12 06.90 06.59 06.75 06.39 12.73 12.41 11.28 10.32 09.50 09.30
05.77 05.91 05.91 06.34 06.58 06.54 06.48 06.44 06.41 06.53 06.56 06.57 06.56 06.15 05.12 05.02 04.88 04.73 04.59 04.44 31.31 30.52 29.71 28.87 28.03 27.18 26.25 25.05 23.65 22.11 20.19 18.72 16.45 14.26 11.83 09.22 04.05 02.74 04.07 37.59 37.05 36.80 36.41 36.03 35.70 35.48 35.06 34.56 34.15 33.29 32.27 31.30 30.42 29.60 28.94 28.37 27.63 27.68 27.89 26.42 24.14 20.88 17.27 13.44 09.93 07.67 07.33 07.26 07.14 06.81 06.83 11.71 10.88 10.09 08.80 08.38 08.34
07.51 07.14 06.08 06.49 06.01 06.39 06.34 06.31 06.52 06.65 06.36 06.42 06.44 06.38 05.63 04.91 04.82 04.66 04.53 04.43 04.33 28.11 27.26 26.41 25.55 24.67 23.73 22.38 20.90 19.50 17.55 15.36 13.70 12.32 10.71 09.15 04.80 01.42 04.11 04.11 33.83 35.03 35.27 35.01 34.79 34.48 34.06 33.64 33.02 32.52 31.40 30.29 29.24 28.24 27.16 26.55 26.00 25.13 24.08 22.67 20.75 18.11 14.93 11.66 08.43 08.05 07.38 07.60 07.39 06.90 07.08 10.56 09.53 08.70 08.06 07.45 07.69
07.73 07.64 07.84 07.50 07.17 07.80 07.54 08.04 06.55 06.80 06.91 06.25 06.46 06.48 06.22 04.93 04.76 04.66 04.54 04.44 04.33 04.26 04.21 24.13 23.10 21.92 20.63 19.22 17.82 16.44 15.02 13.76 12.54 11.19 09.95 05.92 09.46 12.33 01.04 03.98 29.01 24.54 19.99 30.45 33.83 33.50 33.09 32.59 31.90 31.27 30.49 29.46 28.32 27.14 25.94 24.70 23.53 22.62 21.22 19.74 18.16 16.18 13.56 10.56 08.49 07.80 07.74 07.63 07.29 07.14 08.98 08.75 08.56 07.74 07.08 07.05 07.19
07.37 07.51 07.63 07.52 07.82 08.08 07.89 07.72 08.95 07.62 07.38 09.26 07.83 07.43 06.23 07.22 06.66 04.61 04.68 04.44 04.49 05.87 04.26 04.22 04.20 19.82 18.33 16.85 15.78 14.76 13.88 12.79 11.50 20.09 19.84 14.62 05.95 15.49 05.28 03.80 03.21 02.85 02.95 03.35 03.78 28.83 31.47 30.88 30.29 29.87 28.81 27.53 26.12 24.75 23.92 23.47 22.18 20.89 19.68 18.42 17.11 14.82 12.25 10.02 08.44 08.09 07.66 07.59 07.48 07.56 07.86 07.84 07.42 07.02 07.07 06.49 06.22
06.98 07.24 07.26 07.35 07.58 07.94 08.25 07.97 08.52 08.66 08.11 09.01 09.02 08.36 09.58 10.33 07.94 08.96 07.39 09.54 07.46 08.75 07.06 09.17 08.11 13.14 11.01 15.71 19.00 19.93 19.39 17.80 16.39 15.23 13.99 08.02 04.37 03.88 04.22 03.85 03.41 02.75 02.42 03.12 03.59 03.81 26.06 28.85 27.96 26.93 25.72 24.35 23.55 22.86 22.29 21.75 21.04 20.07 18.07 16.35 14.38 13.16 10.79 09.19 08.60 08.28 07.46 07.56 08.00 07.27 07.12 06.93 06.70 06.68 07.81 08.06 10.82
06.18 06.62 06.92 07.07 07.33 07.60 07.77 08.00 08.06 08.34 08.59 08.76 08.80 08.90 09.21 09.75 08.64 08.56 08.61 09.06 08.66 09.51 10.40 10.06 12.40 13.71 15.69 18.92 22.49 21.56 20.61 19.65 18.64 17.20 15.77 15.67 12.96 07.15 03.53 05.84 03.56 06.78 13.18 05.43 02.55 03.14 13.56 16.08 14.55 24.82 23.90 22.94 21.92 21.24 20.63 20.00 19.12 18.05 16.61 14.67 12.56 11.03 09.78 09.05 09.03 08.20 07.65 07.75 06.80 06.90 06.68 06.40 06.24 09.67 10.22 10.61 09.66
04.97 04.02 05.58 06.83 07.03 07.17 07.37 07.51 07.58 07.97 08.23 08.48 08.57 08.72 08.93 09.16 08.33 08.18 08.29 08.60 08.83 09.00 09.51 10.70 11.98 13.77 20.01 27.44 26.34 24.92 23.74 22.58 21.59 20.61 18.96 16.92 14.08 08.75 03.59 23.78 22.38 20.83 16.09 08.55 03.77 02.93 12.62 16.08 15.27 14.22 13.05 11.74 10.92 20.37 19.59 18.51 17.40 16.55 14.81 13.22 11.80 10.47 09.55 09.30 08.98 08.44 07.81 06.66 06.70 06.45 08.29 14.66 10.58 11.55 11.19 10.08 08.63
-1.00 -1.00 00.12 06.44 06.71 06.77 07.02 06.90 07.06 07.31 07.76 08.17 08.36 08.53 08.72 08.81 07.98 07.81 07.96 08.21 08.43 08.62 08.95 10.21 11.51 16.00 31.06 30.41 29.50 28.36 27.58 28.11 27.58 26.13 24.23 21.28 14.21 23.31 27.47 26.76 26.66 25.24 19.29 25.85 25.51 23.73 21.69 19.87 18.11 16.40 14.92 13.50 12.10 11.01 10.03 09.34 08.64 14.24 12.98 11.88 11.01 10.35 09.52 09.27 09.11 08.55 06.61 06.86 12.27 14.09 13.89 13.63 12.09 11.79 10.09 09.40 09.33
-1.00 -1.00 -1.00 -1.00 01.76 06.50 06.50 06.53 06.37 06.68 07.14 07.99 08.15 08.36 08.53 08.61 07.82 07.44 07.61 07.79 08.08 08.32 08.68 09.67 10.94 34.34 34.01 33.57 33.00 32.32 31.57 31.34 30.86 30.43 30.36 31.58 31.45 30.88 30.20 29.60 29.23 29.24 29.87 29.84 28.55 26.88 25.00 23.04 21.23 19.21 17.07 15.56 14.38 13.07 11.18 09.64 08.81 08.14 07.59 07.59 07.72 10.22 09.84 09.64 09.49 05.99 07.62 17.44 13.34 14.04 13.10 12.56 11.99 10.61 09.51 09.56 14.29
