Assets/WUInity/Farsite/test_dataset/Ashley/output/test.fml
NCOLS 382
NROWS 266
XLLCORNER 157819.328125
YLLCORNER 384678.625000
CELLSIZE 30.000000
NODATA_VALUE -1
[rows 204 to 237 of 266, columns 231 to 307 of 382]
00.62 00.64 00.66 00.67 00.68 00.69 00.89 00.98 01.01 01.03 01.03 01.03 01.03 01.03 01.02 01.02 01.03 01.03 01.02 01.02 01.01 01.01 01.01 01.01 01.01 01.01 01.02 01.01 01.01 01.01 01.01 01.02 01.02 01.02 01.02 00.94 00.86 00.83 00.84 00.78 00.77 00.75 00.71 00.72 00.72 00.73 00.73 00.73 00.74 00.74 00.74 00.72 00.72 00.72 00.71 00.71 00.71 00.71 00.67 00.53 00.52 00.52 00.52 00.51 00.51 00.51 00.50 00.50 00.50 00.49 00.48 00.47 00.46 00.45 00.44 00.43 00.41
00.60 00.61 00.63 00.67 00.79 00.86 00.92 00.94 00.96 00.97 00.97 00.99 00.99 00.99 00.99 00.99 00.99 00.98 00.98 00.98 00.98 00.98 00.98 00.98 00.98 00.98 00.98 00.98 00.99 00.99 00.98 00.98 00.97 00.97 00.83 00.83 00.83 00.83 00.83 00.83 00.83 00.82 00.81 00.80 00.69 00.70 00.71 00.72 00.72 00.73 00.73 00.74 00.74 00.73 00.72 00.66 00.55 00.52 00.52 00.52 00.52 00.51 00.51 00.50 00.50 00.49 00.50 00.49 00.49 00.47 00.46 00.45 00.44 00.43 00.41 00.39 00.37
00.83 00.81 00.78 00.79 00.82 00.84 00.87 00.88 00.88 00.90 00.91 00.93 00.94 00.94 00.94 00.94 00.95 00.96 00.96 00.97 00.97 00.96 00.96 00.96 00.96 00.96 00.97 00.96 00.95 00.95 00.95 00.96 00.81 00.80 00.80 00.80 00.80 00.80 00.81 00.81 00.82 00.81 00.82 00.81 00.81 00.81 00.76 00.74 00.72 00.71 00.71 00.72 00.72 00.60 00.53 00.52 00.51 00.51 00.50 00.50 00.50 00.50 00.49 00.48 00.49 00.49 00.48 00.47 00.46 00.45 00.43 00.42 00.41 00.39 00.37 00.34 00.32
00.93 00.95 00.96 00.84 00.79 00.81 00.82 00.83 00.84 00.85 00.86 00.86 00.87 00.88 00.88 00.88 00.90 00.91 00.91 00.92 00.92 00.92 00.93 00.93 00.93 00.94 00.94 00.94 00.94 00.94 00.79 00.79 00.80 00.80 00.80 00.80 00.80 00.80 00.80 00.79 00.80 00.79 00.79 00.79 00.79 00.79 00.79 00.79 00.79 00.77 00.59 00.52 00.52 00.52 00.51 00.51 00.51 00.50 00.49 00.48 00.48 00.49 00.49 00.48 00.48 00.47 00.46 00.45 00.43 00.42 00.40 00.39 00.36 00.34 00.32 00.28 00.17
00.90 00.90 00.91 00.92 00.90 00.82 00.79 00.80 00.81 00.82 00.83 00.84 00.84 00.84 00.85 00.85 00.85 00.86 00.86 00.87 00.88 00.89 00.89 00.88 00.89 00.90 00.91 00.91 00.78 00.79 00.79 00.79 00.79 00.79 00.79 00.80 00.79 00.79 00.79 00.78 00.78 00.78 00.78 00.78 00.78 00.77 00.77 00.77 00.63 00.55 00.53 00.53 00.50 00.50 00.50 00.49 00.49 00.49 00.49 00.48 00.47 00.47 00.46 00.46 00.45 00.44 00.42 00.41 00.40 00.38 00.36 00.33 00.30 00.14 00.20 00.32 00.35
00.87 00.87 00.87 00.88 00.89 00.87 00.87 00.78 00.79 00.80 00.81 00.82 00.82 00.83 00.83 00.83 00.84 00.84 00.85 00.85 00.85 00.85 00.85 00.86 00.86 00.75 00.75 00.75 00.76 00.76 00.76 00.76 00.76 00.77 00.77 00.77 00.77 00.77 00.77 00.77 00.77 00.77 00.77 00.77 00.76 00.76 00.63 00.54 00.54 00.54 00.53 00.52 00.52 00.48 00.47 00.48 00.49 00.48 00.48 00.46 00.45 00.44 00.43 00.42 00.41 00.41 00.40 00.38 00.35 00.33 00.30 00.12 00.23 00.32 00.36 00.37 00.37
00.86 00.86 00.87 00.86 00.87 00.87 00.87 00.86 00.85 00.83 00.82 00.82 00.81 00.81 00.82 00.82 00.82 00.83 00.83 00.83 00.84 00.84 00.73 00.73 00.73 00.73 00.72 00.72 00.73 00.74 00.74 00.74 00.74 00.75 00.75 00.75 00.75 00.76 00.76 00.76 00.76 00.76 00.76 00.76 00.63 00.54 00.54 00.53 00.53 00.52 00.52 00.51 00.50 00.51 00.48 00.48 00.47 00.46 00.45 00.44 00.43 00.41 00.40 00.40 00.38 00.37 00.34 00.33 00.29 00.10 00.23 00.30 00.36 00.37 00.38 00.52 00.65
00.86 00.86 00.85 00.86 00.86 00.86 00.86 00.87 00.87 00.86 00.86 00.84 00.83 00.82 00.81 00.81 00.81 00.82 00.81 00.72 00.72 00.72 00.72 00.72 00.72 00.72 00.71 00.71 00.70 00.70 00.70 00.71 00.72 00.72 00.73 00.73 00.73 00.74 00.74 00.74 00.74 00.74 00.60 00.54 00.54 00.53 00.53 00.53 00.52 00.51 00.50 00.51 00.50 00.49 00.48 00.45 00.44 00.43 00.42 00.41 00.40 00.38 00.36 00.34 00.33 00.31 00.28 00.14 00.26 00.34 00.35 00.36 00.37 00.44 00.65 00.67 00.68
00.86 00.85 00.85 00.85 00.85 00.85 00.85 00.85 00.85 00.86 00.86 00.86 00.86 00.87 00.85 00.72 00.71 00.71 00.71 00.71 00.71 00.71 00.72 00.72 00.72 00.73 00.72 00.72 00.72 00.71 00.70 00.69 00.68 00.69 00.70 00.70 00.70 00.71 00.71 00.69 00.53 00.53 00.53 00.52 00.52 00.52 00.51 00.50 00.50 00.50 00.50 00.49 00.48 00.47 00.46 00.44 00.42 00.40 00.39 00.37 00.35 00.33 00.31 00.28 00.05 00.22 00.31 00.33 00.35 00.37 00.37 00.51 00.64 00.66 00.68 00.68 00.69
00.84 00.84 00.85 00.85 00.85 00.85 00.85 00.84 00.84 00.85 00.85 00.85 00.74 00.74 00.74 00.74 00.75 00.72 00.71 00.71 00.75 00.73 00.70 00.70 00.71 00.72 00.72 00.73 00.74 00.73 00.72 00.72 00.72 00.70 00.65 00.66 00.64 00.54 00.52 00.52 00.51 00.51 00.51 00.51 00.50 00.50 00.49 00.50 00.50 00.48 00.48 00.47 00.46 00.44 00.43 00.41 00.39 00.35 00.33 00.32 00.29 00.10 00.22 00.33 00.33 00.34 00.35 00.36 00.54 00.62 00.64 00.65 00.65 00.67 00.68 00.68 00.69
00.82 00.83 00.83 00.84 00.84 00.85 00.85 00.85 00.84 00.74 00.73 00.73 00.73 00.74 00.74 00.73 00.73 00.77 00.86 00.97 00.70 00.65 00.65 00.67 00.69 00.70 00.71 00.71 00.72 00.73 00.74 00.73 00.73 00.66 00.53 00.47 00.47 00.48 00.48 00.49 00.50 00.49 00.49 00.49 00.49 00.49 00.49 00.48 00.47 00.47 00.45 00.44 00.42 00.41 00.39 00.36 00.34 00.31 00.11 00.20 00.30 00.33 00.34 00.36 00.43 00.56 00.61 00.63 00.64 00.65 00.65 00.66 00.66 00.66 00.67 00.68 00.69
00.79 00.76 00.77 00.79 00.82 00.79 00.72 00.73 00.73 00.74 00.74 00.73 00.73 00.73 00.73 00.73 00.73 00.79 00.88 01.04 00.90 00.72 00.61 00.63 00.65 00.67 00.68 00.69 00.70 00.71 00.71 00.61 00.53 00.54 00.53 00.51 00.49 00.47 00.45 00.45 00.46 00.47 00.49 00.48 00.48 00.47 00.46 00.46 00.45 00.43 00.42 00.41 00.39 00.36 00.34 00.31 00.13 00.22 00.33 00.34 00.35 00.36 00.52 00.62 00.64 00.65 00.64 00.64 00.65 00.66 00.66 00.66 00.66 00.67 00.67 00.68 00.69
00.70 00.69 00.71 00.66 00.61 00.64 00.69 00.69 00.71 00.72 00.73 00.73 00.73 00.73 00.72 00.72 00.74 00.76 00.79 00.96 01.02 00.65 00.59 00.60 00.63 00.65 00.66 00.66 00.57 00.51 00.52 00.52 00.52 00.52 00.51 00.52 00.52 00.50 00.48 00.45 00.45 00.46 00.46 00.46 00.46 00.45 00.44 00.42 00.41 00.40 00.38 00.36 00.34 00.31 00.14 00.22 00.33 00.35 00.36 00.43 00.64 00.62 00.64 00.65 00.65 00.66 00.66 00.65 00.65 00.66 00.66 00.67 00.67 00.67 00.67 00.68 00.69
01.09 00.66 00.67 00.67 00.67 00.65 00.66 00.66 00.67 00.69 00.71 00.71 00.72 00.72 00.72 00.72 00.72 00.73 00.75 00.80 00.94 00.76 00.64 00.55 00.53 00.49 00.49 00.49 00.50 00.50 00.50 00.50 00.50 00.50 00.50 00.50 00.51 00.50 00.50 00.48 00.44 00.42 00.42 00.42 00.42 00.41 00.41 00.39 00.37 00.35 00.33 00.30 00.13 00.22 00.33 00.35 00.36 00.37 00.63 00.66 00.67 00.67 00.67 00.66 00.66 00.67 00.67 00.68 00.66 00.66 00.67 00.67 00.67 00.67 00.67 00.62 00.53
01.02 01.04 00.94 00.64 00.53 00.62 00.58 00.61 00.65 00.66 00.68 00.69 00.70 00.70 00.71 00.71 00.71 00.72 00.73 00.77 00.79 00.71 00.70 00.59 00.56 00.56 00.57 00.57 00.57 00.57 00.57 00.56 00.51 00.47 00.49 00.48 00.48 00.48 00.47 00.46 00.45 00.39 00.39 00.39 00.38 00.37 00.36 00.34 00.32 00.29 00.03 00.24 00.34 00.35 00.37 00.37 00.62 00.66 00.67 00.68 00.68 00.69 00.69 00.69 00.68 00.67 00.68 00.68 00.69 00.67 00.67 00.66 00.58 00.51 00.52 00.52 00.52
00.92 00.95 00.70 00.69 00.51 00.55 00.56 00.58 00.61 00.63 00.66 00.68 00.68 00.69 00.69 00.70 00.70 00.70 00.63 00.54 00.61 00.70 00.83 00.95 00.92 00.69 00.60 00.60 00.60 00.60 00.59 00.56 00.54 00.49 00.46 00.46 00.46 00.45 00.44 00.43 00.41 00.37 00.35 00.34 00.33 00.32 00.30 00.20 00.17 00.28 00.34 00.35 00.36 00.37 00.63 00.66 00.67 00.68 00.68 00.69 00.69 00.70 00.70 00.70 00.70 00.69 00.68 00.68 00.68 00.58 00.52 00.52 00.52 00.52 00.52 00.52 00.52
00.90 00.94 00.72 00.81 00.76 00.46 00.50 00.56 00.59 00.61 00.63 00.65 00.66 00.67 00.64 00.57 00.51 00.51 00.51 00.57 00.64 00.67 00.76 00.77 00.84 00.64 00.65 00.58 00.48 00.40 00.51 00.51 00.41 00.42 00.43 00.42 00.42 00.41 00.40 00.39 00.36 00.33 00.29 00.13 00.08 00.17 00.25 00.32 00.34 00.35 00.36 00.42 00.62 00.65 00.67 00.68 00.68 00.69 00.69 00.69 00.70 00.70 00.71 00.71 00.71 00.70 00.59 00.52 00.52 00.53 00.53 00.53 00.53 00.53 00.53 00.53 00.53
00.83 00.71 00.70 00.75 00.78 00.43 00.43 00.45 00.46 00.47 00.48 00.49 00.49 00.49 00.50 00.50 00.50 00.50 00.50 00.52 00.54 00.56 00.58 00.55 00.56 00.55 00.65 00.54 00.34 00.32 00.29 00.28 00.34 00.36 00.39 00.38 00.38 00.37 00.35 00.33 00.31 00.15 00.23 00.34 00.34 00.34 00.34 00.35 00.36 00.56 00.62 00.65 00.66 00.67 00.68 00.68 00.69 00.69 00.69 00.70 00.70 00.71 00.71 00.71 00.63 00.55 00.55 00.55 00.53 00.52 00.53 00.53 00.54 00.53 00.55 00.61 00.65
00.81 00.65 00.70 00.69 00.74 00.52 00.51 00.43 00.44 00.45 00.46 00.47 00.48 00.48 00.48 00.48 00.48 00.48 00.48 00.48 00.52 00.50 00.61 00.54 00.46 00.48 00.41 00.39 00.32 00.18 00.20 00.18 00.27 00.29 00.32 00.33 00.32 00.31 00.28 00.11 00.21 00.31 00.36 00.37 00.44 00.59 00.59 00.60 00.62 00.64 00.65 00.66 00.67 00.67 00.68 00.69 00.69 00.69 00.70 00.70 00.71 00.71 00.66 00.55 00.55 00.55 00.56 00.56 00.55 00.56 00.52 00.56 00.62 00.66 00.66 00.66 00.67
00.55 00.59 00.62 00.59 00.54 00.53 00.53 00.48 00.42 00.43 00.44 00.45 00.45 00.46 00.46 00.46 00.47 00.48 00.48 00.56 00.60 00.61 00.59 00.56 00.50 00.41 00.37 00.33 00.29 00.25 00.39 00.30 00.22 00.16 00.10 00.26 00.02 00.21 00.26 00.33 00.35 00.36 00.38 00.50 00.66 00.67 00.66 00.63 00.63 00.64 00.65 00.66 00.67 00.68 00.68 00.69 00.69 00.69 00.70 00.70 00.65 00.54 00.55 00.55 00.55 00.56 00.56 00.56 00.56 00.62 00.68 00.65 00.66 00.67 00.68 00.67 00.67
00.50 00.51 00.52 00.53 00.53 00.53 00.52 00.44 00.45 00.45 00.46 00.46 00.47 00.47 00.47 00.47 00.46 00.46 00.46 00.49 00.55 00.57 00.57 00.54 00.53 00.45 00.32 00.28 00.22 00.37 00.39 00.39 00.31 00.31 00.31 00.32 00.33 00.34 00.35 00.36 00.37 00.51 00.63 00.67 00.68 00.70 00.70 00.68 00.65 00.64 00.65 00.65 00.66 00.67 00.69 00.69 00.69 00.70 00.65 00.54 00.54 00.55 00.55 00.55 00.55 00.56 00.56 00.60 00.68 00.69 00.69 00.69 00.66 00.68 00.68 00.68 00.68
00.47 00.48 00.49 00.50 00.50 00.50 00.50 00.47 00.42 00.43 00.44 00.44 00.44 00.44 00.44 00.44 00.44 00.44 00.44 00.44 00.45 00.46 00.49 00.11 00.25 00.20 00.16 00.22 00.41 00.38 00.39 00.63 00.51 00.48 00.35 00.34 00.34 00.36 00.53 00.61 00.63 00.65 00.66 00.67 00.68 00.69 00.70 00.71 00.71 00.66 00.64 00.65 00.66 00.67 00.68 00.69 00.60 00.54 00.54 00.54 00.55 00.55 00.56 00.56 00.56 00.60 00.67 00.68 00.69 00.69 00.70 00.69 00.69 00.68 00.68 00.68 00.69
00.47 00.48 00.48 00.48 00.48 00.47 00.47 00.45 00.40 00.39 00.40 00.41 00.42 00.41 00.41 00.40 00.40 00.40 00.40 00.39 00.38 00.36 00.36 00.03 00.38 00.39 00.44 00.49 00.48 00.59 00.66 00.64 00.58 00.57 00.55 00.56 00.58 00.60 00.62 00.64 00.65 00.66 00.66 00.67 00.68 00.69 00.69 00.70 00.72 00.73 00.69 00.64 00.60 00.55 00.52 00.52 00.53 00.53 00.54 00.54 00.55 00.56 00.56 00.59 00.67 00.68 00.69 00.69 00.69 00.70 00.70 00.70 00.70 00.70 00.69 00.69 00.69
00.45 00.45 00.45 00.45 00.45 00.44 00.43 00.42 00.40 00.34 00.35 00.36 00.37 00.37 00.37 00.37 00.36 00.35 00.34 00.33 00.32 00.30 00.11 00.24 00.38 00.39 00.67 00.66 00.66 00.66 00.66 00.64 00.62 00.57 00.57 00.57 00.58 00.60 00.61 00.63 00.65 00.66 00.66 00.67 00.67 00.68 00.69 00.70 00.71 00.72 00.59 00.53 00.52 00.52 00.52 00.52 00.53 00.53 00.54 00.54 00.55 00.58 00.66 00.68 00.69 00.69 00.70 00.70 00.70 00.70 00.70 00.71 00.71 00.71 00.70 00.70 00.70
00.42 00.42 00.42 00.41 00.41 00.40 00.39 00.37 00.34 00.32 00.28 00.29 00.30 00.31 00.31 00.31 00.30 00.29 00.27 00.12 00.16 00.25 00.34 00.37 00.38 00.40 00.69 00.73 00.76 00.74 00.70 00.74 00.70 00.68 00.56 00.61 00.54 00.61 00.61 00.63 00.64 00.65 00.66 00.67 00.67 00.68 00.69 00.69 00.59 00.55 00.56 00.55 00.54 00.52 00.52 00.52 00.52 00.52 00.54 00.61 00.66 00.67 00.68 00.69 00.70 00.70 00.70 00.70 00.70 00.71 00.71 00.71 00.71 00.72 00.74 00.73 00.72
00.39 00.38 00.38 00.37 00.37 00.35 00.33 00.32 00.28 00.18 00.25 00.21 00.17 00.11 00.17 00.21 00.23 00.26 00.29 00.32 00.34 00.35 00.36 00.38 00.60 00.68 00.70 00.72 00.74 00.76 00.76 00.74 00.76 00.73 00.70 00.71 00.53 00.53 00.59 00.62 00.63 00.64 00.65 00.66 00.67 00.62 00.53 00.53 00.54 00.54 00.55 00.56 00.57 00.56 00.57 00.61 00.62 00.64 00.65 00.67 00.67 00.68 00.68 00.69 00.70 00.70 00.70 00.71 00.71 00.71 00.71 00.72 00.73 00.74 00.75 00.75 00.73
00.33 00.32 00.32 00.31 00.30 00.28 00.12 00.17 00.27 00.35 00.36 00.32 00.32 00.32 00.33 00.34 00.34 00.34 00.34 00.35 00.36 00.45 00.61 00.64 00.67 00.68 00.69 00.70 00.72 00.74 00.75 00.77 00.78 00.78 00.68 00.70 00.71 00.70 00.55 00.55 00.55 00.55 00.54 00.54 00.53 00.52 00.51 00.52 00.53 00.54 00.55 00.56 00.56 00.64 00.68 00.67 00.66 00.65 00.65 00.67 00.67 00.68 00.68 00.69 00.70 00.70 00.71 00.71 00.71 00.72 00.74 00.74 00.75 00.75 00.75 00.75 00.75
00.17 00.11 00.08 00.17 00.23 00.26 00.33 00.34 00.36 00.37 00.38 00.58 00.52 00.42 00.40 00.47 00.53 00.58 00.59 00.60 00.61 00.62 00.64 00.65 00.66 00.68 00.69 00.70 00.71 00.72 00.74 00.75 00.75 00.66 00.65 00.67 00.69 00.70 00.71 00.68 00.64 00.64 00.64 00.63 00.62 00.54 00.51 00.50 00.52 00.54 00.54 00.61 00.67 00.68 00.69 00.70 00.67 00.66 00.66 00.66 00.67 00.68 00.69 00.69 00.70 00.70 00.71 00.71 00.73 00.74 00.75 00.75 00.75 00.75 00.75 00.75 00.76
00.31 00.32 00.32 00.33 00.34 00.35 00.36 00.36 00.47 00.62 00.63 00.63 00.62 00.60 00.59 00.59 00.61 00.62 00.62 00.62 00.62 00.63 00.64 00.65 00.66 00.67 00.68 00.69 00.70 00.71 00.72 00.73 00.62 00.59 00.61 00.64 00.66 00.67 00.69 00.71 00.65 00.68 00.64 00.64 00.64 00.63 00.63 00.63 00.64 00.64 00.64 00.66 00.67 00.68 00.69 00.70 00.71 00.67 00.67 00.66 00.67 00.68 00.69 00.69 00.70 00.70 00.72 00.74 00.75 00.75 00.75 00.75 00.75 00.75 00.76 00.76 00.76
00.34 00.34 00.37 00.41 00.47 00.58 00.60 00.62 00.64 00.65 00.66 00.66 00.64 00.62 00.61 00.59 00.61 00.62 00.63 00.63 00.63 00.63 00.63 00.64 00.65 00.66 00.67 00.68 00.69 00.70 00.68 00.56 00.57 00.58 00.60 00.61 00.63 00.62 00.70 00.71 00.70 00.67 00.67 00.63 00.68 00.67 00.62 00.61 00.61 00.59 00.62 00.65 00.66 00.68 00.69 00.70 00.70 00.71 00.67 00.67 00.67 00.68 00.69 00.71 00.73 00.73 00.74 00.74 00.75 00.75 00.75 00.76 00.76 00.76 00.76 00.76 00.76
00.59 00.59 00.59 00.60 00.61 00.62 00.63 00.64 00.65 00.65 00.66 00.67 00.68 00.65 00.62 00.61 00.60 00.62 00.63 00.64 00.63 00.64 00.64 00.64 00.65 00.66 00.67 00.68 00.64 00.54 00.55 00.55 00.56 00.57 00.58 00.59 00.59 00.68 00.71 00.72 00.72 00.71 00.70 00.70 00.65 00.64 00.63 00.62 00.53 00.58 00.60 00.63 00.65 00.67 00.68 00.69 00.70 00.71 00.72 00.70 00.70 00.71 00.72 00.73 00.73 00.74 00.74 00.74 00.75 00.75 00.75 00.76 00.67 00.76 00.76 00.76 00.76
00.61 00.61 00.60 00.60 00.61 00.62 00.63 00.64 00.64 00.65 00.66 00.67 00.68 00.69 00.66 00.62 00.60 00.61 00.63 00.64 00.64 00.64 00.64 00.64 00.64 00.58 00.51 00.52 00.53 00.53 00.54 00.55 00.56 00.57 00.57 00.60 00.68 00.70 00.71 00.72 00.72 00.73 00.74 00.72 00.69 00.65 00.62 00.59 00.53 00.55 00.59 00.62 00.65 00.66 00.67 00.69 00.70 00.72 00.74 00.75 00.71 00.72 00.72 00.73 00.73 00.74 00.74 00.74 00.75 00.75 -1.00 -1.00 -1.00 -1.00 00.25 00.55 00.75
00.61 00.62 00.61 00.61 00.61 00.62 00.63 00.64 00.64 00.65 00.66 00.66 00.67 00.68 00.70 00.55 00.48 00.53 00.52 00.50 00.50 00.50 00.50 00.50 00.50 00.50 00.51 00.52 00.52 00.53 00.54 00.54 00.55 00.57 00.64 00.68 00.69 00.70 00.71 00.72 00.72 00.73 00.73 00.74 00.73 00.72 00.68 00.57 00.55 00.58 00.57 00.61 00.63 00.66 00.67 00.70 00.72 00.73 00.74 00.75 00.74 00.73 00.73 00.73 00.73 00.74 00.74 00.75 00.75 -1.00 -1.00 -1.00 -1.00 -1.00 -1.00 -1.00 -1.00
00.62 00.62 00.62 00.62 00.62 00.62 00.63 00.64 00.64 00.65 00.65 00.66 00.60 00.52 00.53 00.54 00.56 00.47 00.48 00.49 00.49 00.50 00.50 00.50 00.50 00.50 00.50 00.51 00.52 00.53 00.53 00.58 00.64 00.67 00.68 00.68 00.69 00.70 00.70 00.71 00.72 00.73 00.74 00.75 00.75 00.74 00.72 00.71 00.55 00.58 00.62 00.65 00.67 00.69 00.71 00.72 00.73 00.74 00.75 00.75 00.75 00.75 00.73 00.73 00.73 00.74 00.74 00.74 00.45 00.38 00.52 -1.00 -1.00 -1.00 -1.00 -1.00 -1.00
