Assets/WUInity/Farsite/test_dataset/Ashley/output/test.toa
NCOLS 382
NROWS 266
XLLCORNER 157819.328125
YLLCORNER 384678.625000
CELLSIZE 30.000000
NODATA_VALUE -1
[rows 156 to 181 of 266, columns 240 to 299 of 382]
00002.471 00002.456 00002.472 00002.491 00002.542 00002.672 00002.784 00002.901 00003.019 00003.161 00003.335 00003.539 00003.639 00003.720 00003.857 00004.024 00004.228 00004.147 00003.997 00003.862 00003.854 00003.693 00003.517 00003.425 00003.464 00003.501 00003.588 00003.694 00003.798 00003.896 00003.984 00003.763 00003.656 00003.669 00003.782 00003.753 00003.753 00003.774 00003.830 00003.917 00004.114 00004.311 00004.549 00004.926 00005.154 00005.316 00005.461 00005.596 00005.706 00005.829 00006.005 00006.233 00006.452 00006.650 00006.834 00007.026 00007.290 00007.605 00007.975 00008.367
00002.447 00002.451 00002.463 00002.474 00002.518 00002.643 00002.759 00002.874 00003.019 00003.199 00003.386 00003.479 00003.568 00003.705 00003.858 00004.029 00003.976 00003.984 00003.811 00003.689 00003.691 00003.499 00003.298 00003.274 00003.316 00003.381 00003.487 00003.593 00003.697 00003.799 00003.897 00003.658 00003.619 00003.642 00003.714 00003.725 00003.731 00003.805 00003.898 00004.026 00004.180 00004.308 00004.587 00004.910 00005.135 00005.303 00005.463 00005.599 00005.731 00005.903 00006.103 00006.320 00006.523 00006.714 00006.887 00007.105 00007.444 00007.902 00008.314 00008.627
00002.433 00002.446 00002.458 00002.477 00002.502 00002.625 00002.749 00002.884 00003.076 00003.195 00003.301 00003.402 00003.537 00003.693 00003.861 00003.873 00003.810 00003.783 00003.622 00003.538 00003.537 00003.306 00003.104 00003.133 00003.186 00003.284 00003.388 00003.489 00003.591 00003.697 00003.712 00003.606 00003.584 00003.580 00003.598 00003.696 00003.773 00003.874 00003.971 00004.089 00004.215 00004.365 00004.616 00004.889 00005.119 00005.291 00005.454 00005.634 00005.812 00005.986 00006.193 00006.399 00006.591 00006.687 00006.837 00007.204 00009.202 00010.777 00011.325 00011.146
00002.427 00002.440 00002.461 00002.483 00002.516 00002.624 00002.779 00002.903 00003.003 00003.112 00003.215 00003.357 00003.515 00003.677 00003.765 00003.704 00003.676 00003.591 00003.428 00003.385 00003.329 00003.110 00003.077 00003.042 00003.089 00003.190 00003.287 00003.379 00003.480 00003.594 00003.544 00003.533 00003.530 00003.568 00003.636 00003.730 00003.837 00003.920 00004.006 00004.129 00004.255 00004.418 00004.642 00004.916 00005.119 00005.294 00005.511 00005.714 00005.891 00006.077 00006.274 00006.408 00006.480 00006.634 00006.785 00008.481 00013.898 00020.502 00019.364 00016.779
00002.421 00002.444 00002.468 00002.502 00002.543 00002.693 00002.752 00002.841 00002.931 00003.022 00003.169 00003.326 00003.487 00003.656 00003.594 00003.535 00003.545 00003.403 00003.235 00003.229 00003.121 00003.054 00003.001 00003.009 00003.042 00003.097 00003.185 00003.272 00003.426 00003.532 00003.497 00003.504 00003.540 00003.596 00003.683 00003.790 00003.868 00003.953 00004.051 00004.180 00004.290 00004.438 00004.715 00004.963 00005.166 00005.377 00005.596 00005.792 00005.968 00006.076 00006.141 00006.259 00006.405 00006.572 00006.740 00008.045 00012.287 00018.908 00023.639 00022.769
00002.425 00002.456 00002.495 00002.528 00002.573 00002.616 00002.695 00002.776 00002.858 00002.987 00003.145 00003.297 00003.456 00003.488 00003.422 00003.376 00003.412 00003.208 00003.078 00003.070 00002.999 00002.982 00002.988 00003.011 00003.037 00003.082 00003.108 00003.266 00003.430 00003.502 00003.478 00003.510 00003.569 00003.648 00003.741 00003.814 00003.901 00003.985 00004.110 00004.223 00004.318 00004.511 00004.789 00005.054 00005.246 00005.509 00005.764 00005.821 00005.888 00005.953 00006.043 00006.162 00006.315 00006.494 00006.687 00007.758 00011.105 00016.043 00021.731 00025.576
00002.447 00002.493 00002.539 00002.548 00002.549 00002.572 00002.632 00002.707 00002.834 00002.975 00003.124 00003.333 00003.389 00003.311 00003.248 00003.242 00003.214 00003.006 00002.930 00002.946 00002.956 00002.966 00002.991 00003.015 00003.049 00003.085 00003.143 00003.273 00003.373 00003.455 00003.463 00003.540 00003.619 00003.692 00003.760 00003.850 00003.937 00004.046 00004.161 00004.260 00004.340 00004.587 00004.919 00005.200 00005.463 00005.588 00005.672 00005.742 00005.806 00005.867 00005.947 00006.070 00006.206 00006.375 00006.549 00007.513 00010.443 00014.793 00018.486 00020.427
00002.508 00002.543 00002.534 00002.530 00002.550 00002.572 00002.603 00002.683 00002.827 00002.997 00003.206 00003.225 00003.207 00003.139 00003.073 00003.109 00003.006 00002.915 00002.908 00002.928 00002.945 00002.972 00002.997 00003.027 00003.067 00003.116 00003.173 00003.249 00003.360 00003.413 00003.495 00003.582 00003.643 00003.712 00003.800 00003.893 00003.993 00004.103 00004.204 00004.329 00004.553 00004.873 00005.171 00005.304 00005.432 00005.528 00005.600 00005.667 00005.738 00005.815 00005.900 00006.002 00006.122 00005.964 00005.824 00006.420 00008.279 00007.986 00009.795 00010.256
00002.525 00002.517 00002.514 00002.534 00002.557 00002.584 00002.630 00002.741 00002.924 00003.059 00003.073 00003.080 00003.033 00002.970 00002.945 00002.977 00002.904 00002.888 00002.907 00002.927 00002.954 00002.980 00003.007 00003.051 00003.098 00003.150 00003.213 00003.277 00003.360 00003.445 00003.527 00003.605 00003.661 00003.750 00003.857 00003.956 00004.065 00004.240 00004.354 00004.529 00004.794 00004.976 00005.127 00005.266 00005.378 00005.462 00005.534 00005.600 00005.674 00005.760 00005.853 00005.821 00005.664 00005.515 00005.352 00005.382 00005.541 00005.766 00006.356 00006.628
00002.481 00002.492 00002.515 00002.543 00002.578 00002.617 00002.712 00002.889 00002.903 00002.930 00002.936 00002.933 00002.872 00002.807 00002.828 00002.862 00002.868 00002.887 00002.909 00002.937 00002.965 00002.992 00003.036 00003.081 00003.132 00003.193 00003.258 00003.331 00003.403 00003.472 00003.560 00003.600 00003.698 00003.821 00003.945 00004.104 00004.394 00004.515 00004.507 00004.550 00004.708 00004.892 00005.076 00005.224 00005.323 00005.403 00005.471 00005.534 00005.580 00005.596 00005.572 00005.494 00005.345 00005.323 00005.332 00005.352 00005.521 00005.651 00005.787 00005.885
00002.418 00002.480 00002.524 00002.571 00002.612 00002.700 00002.779 00002.778 00002.794 00002.807 00002.805 00002.794 00002.790 00002.800 00002.818 00002.843 00002.867 00002.892 00002.921 00002.950 00002.981 00003.019 00003.064 00003.115 00003.173 00003.238 00003.307 00003.371 00003.429 00003.509 00003.561 00003.622 00003.788 00003.968 00004.286 00004.548 00004.432 00004.257 00004.285 00004.392 00004.602 00004.801 00005.044 00005.188 00005.283 00005.356 00005.388 00005.419 00005.408 00005.395 00005.336 00005.275 00005.291 00005.310 00005.329 00005.373 00005.524 00005.646 00005.771 00005.896
00002.345 00002.471 00002.552 00002.606 00002.703 00002.720 00002.745 00002.725 00002.719 00002.743 00002.759 00002.768 00002.781 00002.800 00002.823 00002.848 00002.876 00002.906 00002.935 00002.969 00003.003 00003.049 00003.099 00003.154 00003.215 00003.280 00003.343 00003.396 00003.464 00003.522 00003.580 00003.705 00003.960 00004.128 00004.230 00004.257 00004.201 00004.176 00004.177 00004.297 00004.488 00004.751 00005.019 00005.160 00005.214 00005.250 00005.275 00005.269 00005.265 00005.259 00005.241 00005.264 00005.285 00005.306 00005.328 00005.394 00005.526 00005.665 00005.806 00005.934
00002.305 00002.438 00002.573 00002.664 00002.694 00002.728 00002.715 00002.704 00002.712 00002.721 00002.744 00002.761 00002.783 00002.806 00002.832 00002.862 00002.893 00002.925 00002.959 00002.993 00003.036 00003.086 00003.139 00003.196 00003.253 00003.316 00003.370 00003.434 00003.489 00003.550 00003.607 00003.678 00003.865 00003.930 00003.987 00003.994 00004.086 00004.108 00004.210 00004.278 00004.452 00004.710 00004.983 00005.074 00005.121 00005.143 00005.147 00005.151 00005.189 00005.217 00005.239 00005.261 00005.281 00005.303 00005.326 00005.413 00005.558 00005.705 00005.843 00005.995
00002.312 00002.386 00002.511 00002.615 00002.690 00002.716 00002.694 00002.697 00002.705 00002.722 00002.741 00002.766 00002.791 00002.819 00002.850 00002.882 00002.915 00002.949 00002.984 00003.027 00003.077 00003.128 00003.179 00003.234 00003.293 00003.353 00003.412 00003.469 00003.532 00003.589 00003.641 00003.740 00003.811 00003.900 00003.943 00003.999 00004.064 00004.156 00004.243 00004.346 00004.455 00004.665 00004.861 00004.994 00005.051 00005.063 00005.092 00005.148 00005.193 00005.216 00005.238 00005.259 00005.278 00005.304 00005.324 00005.462 00005.608 00005.773 00005.925 00006.071
00002.328 00002.373 00002.449 00002.559 00002.702 00002.679 00002.680 00002.689 00002.705 00002.724 00002.751 00002.776 00002.807 00002.839 00002.871 00002.905 00002.940 00002.978 00003.021 00003.069 00003.117 00003.169 00003.222 00003.279 00003.339 00003.398 00003.459 00003.519 00003.581 00003.646 00003.717 00003.787 00003.867 00003.919 00003.972 00004.042 00004.131 00004.218 00004.304 00004.398 00004.537 00004.666 00004.845 00004.978 00005.025 00005.077 00005.128 00005.172 00005.194 00005.216 00005.237 00005.257 00005.281 00005.305 00005.378 00005.553 00005.713 00005.856 00005.996 00006.137
00002.356 00002.413 00002.464 00002.581 00002.632 00002.655 00002.670 00002.687 00002.708 00002.734 00002.762 00002.795 00002.828 00002.860 00002.895 00002.932 00002.970 00003.011 00003.059 00003.111 00003.163 00003.218 00003.274 00003.333 00003.393 00003.458 00003.522 00003.587 00003.653 00003.721 00003.791 00003.845 00003.900 00003.956 00004.019 00004.112 00004.211 00004.313 00004.423 00004.532 00004.648 00004.782 00004.903 00005.017 00005.071 00005.129 00005.152 00005.174 00005.195 00005.216 00005.236 00005.257 00005.284 00005.351 00005.515 00005.664 00005.791 00005.916 00006.045 00006.185
00002.420 00002.477 00002.550 00002.585 00002.614 00002.645 00002.667 00002.691 00002.719 00002.749 00002.781 00002.815 00002.848 00002.885 00002.922 00002.961 00003.000 00003.051 00003.104 00003.158 00003.214 00003.271 00003.333 00003.400 00003.466 00003.528 00003.592 00003.658 00003.720 00003.775 00003.828 00003.884 00003.942 00004.011 00004.109 00004.214 00004.325 00004.439 00004.551 00004.669 00004.791 00004.919 00005.031 00005.086 00005.110 00005.133 00005.154 00005.175 00005.196 00005.216 00005.235 00005.258 00005.312 00005.458 00005.595 00005.724 00005.838 00005.955 00006.088 00006.235
00002.507 00002.536 00002.564 00002.593 00002.619 00002.647 00002.675 00002.703 00002.734 00002.768 00002.801 00002.836 00002.874 00002.912 00002.950 00002.990 00003.041 00003.094 00003.150 00003.206 00003.266 00003.332 00003.401 00003.468 00003.533 00003.593 00003.648 00003.702 00003.756 00003.810 00003.868 00003.932 00004.003 00004.108 00004.216 00004.325 00004.440 00004.565 00004.696 00004.830 00004.965 00005.030 00005.063 00005.089 00005.113 00005.135 00005.156 00005.177 00005.197 00005.215 00005.233 00005.263 00005.381 00005.508 00005.629 00005.745 00005.865 00005.989 00006.135 00006.295
00002.515 00002.542 00002.573 00002.599 00002.628 00002.659 00002.688 00002.721 00002.754 00002.787 00002.825 00002.863 00002.901 00002.939 00002.981 00003.029 00003.084 00003.140 00003.196 00003.258 00003.321 00003.387 00003.460 00003.524 00003.579 00003.630 00003.684 00003.737 00003.792 00003.855 00003.921 00003.990 00004.092 00004.205 00004.322 00004.445 00004.574 00004.708 00004.820 00004.903 00004.986 00005.035 00005.066 00005.092 00005.115 00005.137 00005.158 00005.177 00005.195 00005.213 00005.232 00005.274 00005.392 00005.512 00005.636 00005.766 00005.896 00006.033 00006.197 00006.355
00002.522 00002.554 00002.581 00002.613 00002.643 00002.676 00002.709 00002.741 00002.775 00002.814 00002.853 00002.891 00002.931 00002.972 00003.018 00003.074 00003.127 00003.185 00003.247 00003.306 00003.372 00003.441 00003.503 00003.558 00003.612 00003.664 00003.718 00003.781 00003.845 00003.909 00003.976 00004.073 00004.197 00004.326 00004.457 00004.599 00004.678 00004.755 00004.839 00004.923 00004.995 00005.039 00005.068 00005.093 00005.116 00005.138 00005.157 00005.175 00005.193 00005.218 00005.241 00005.287 00005.409 00005.533 00005.662 00005.791 00005.911 00006.043 00006.205 00006.386
00002.537 00002.564 00002.599 00002.629 00002.664 00002.697 00002.729 00002.767 00002.805 00002.843 00002.883 00002.923 00002.964 00003.008 00003.061 00003.114 00003.174 00003.231 00003.291 00003.357 00003.420 00003.481 00003.537 00003.591 00003.644 00003.702 00003.763 00003.825 00003.894 00003.971 00004.084 00004.209 00004.333 00004.452 00004.538 00004.617 00004.690 00004.773 00004.857 00004.933 00005.002 00005.042 00005.070 00005.093 00005.115 00005.135 00005.154 00005.178 00005.203 00005.229 00005.254 00005.322 00005.439 00005.541 00005.651 00005.770 00005.897 00006.035 00006.163 00006.095
00002.553 00002.586 00002.620 00002.654 00002.686 00002.722 00002.760 00002.797 00002.837 00002.878 00002.917 00002.959 00002.999 00003.049 00003.105 00003.161 00003.215 00003.278 00003.341 00003.400 00003.460 00003.515 00003.571 00003.624 00003.684 00003.741 00003.799 00003.875 00003.958 00004.052 00004.172 00004.300 00004.390 00004.479 00004.558 00004.628 00004.709 00004.790 00004.871 00004.943 00005.007 00005.044 00005.071 00005.093 00005.114 00005.137 00005.164 00005.191 00005.218 00005.244 00005.271 00005.325 00005.423 00005.521 00005.627 00005.772 00005.931 00005.988 00005.912 00005.864
00002.576 00002.611 00002.644 00002.680 00002.717 00002.754 00002.793 00002.833 00002.873 00002.913 00002.953 00002.994 00003.045 00003.098 00003.149 00003.208 00003.268 00003.324 00003.385 00003.441 00003.496 00003.552 00003.607 00003.664 00003.717 00003.775 00003.853 00003.925 00003.996 00004.114 00004.228 00004.322 00004.415 00004.498 00004.569 00004.649 00004.727 00004.809 00004.883 00004.953 00005.011 00005.046 00005.071 00005.097 00005.126 00005.152 00005.180 00005.208 00005.236 00005.264 00005.293 00005.350 00005.473 00005.592 00005.717 00005.847 00005.853 00005.783 00005.766 00005.786
00002.602 00002.640 00002.677 00002.714 00002.753 00002.791 00002.829 00002.868 00002.909 00002.952 00002.995 00003.044 00003.097 00003.152 00003.206 00003.260 00003.316 00003.373 00003.426 00003.483 00003.535 00003.592 00003.646 00003.697 00003.762 00003.830 00003.893 00003.962 00004.050 00004.157 00004.252 00004.350 00004.434 00004.511 00004.594 00004.670 00004.751 00004.826 00004.896 00004.961 00005.014 00005.052 00005.086 00005.115 00005.143 00005.171 00005.200 00005.228 00005.256 00005.285 00005.322 00005.454 00005.566 00005.668 00005.778 00005.738 00005.730 00005.728 00005.730 00005.780
00002.637 00002.675 00002.713 00002.751 00002.789 00002.829 00002.871 00002.912 00002.954 00002.996 00003.048 00003.101 00003.155 00003.207 00003.259 00003.312 00003.366 00003.421 00003.473 00003.526 00003.579 00003.629 00003.687 00003.751 00003.809 00003.871 00003.934 00004.001 00004.095 00004.185 00004.290 00004.377 00004.450 00004.543 00004.621 00004.699 00004.773 00004.842 00004.907 00004.980 00005.039 00005.074 00005.105 00005.135 00005.163 00005.192 00005.221 00005.251 00005.280 00005.310 00005.358 00005.465 00005.557 00005.686 00005.616 00005.625 00005.633 00005.635 00005.698 00005.802
00002.674 00002.715 00002.756 00002.796 00002.837 00002.878 00002.918 00002.959 00003.001 00003.053 00003.106 00003.159 00003.211 00003.261 00003.313 00003.365 00003.416 00003.466 00003.517 00003.571 00003.628 00003.686 00003.741 00003.797 00003.858 00003.917 00003.979 00004.048 00004.138 00004.243 00004.326 00004.410 00004.498 00004.577 00004.652 00004.726 00004.793 00004.873 00004.958 00005.027 00005.066 00005.098 00005.127 00005.157 00005.188 00005.217 00005.247 00005.276 00005.305 00005.336 00005.385 00005.497 00005.590 00005.565 00005.573 00005.593 00005.611 00005.639 00005.695 00005.822
