Assets/WUInity/Farsite/test_dataset/Ashley/output/test.fli
NCOLS 382
NROWS 266
XLLCORNER 157819.328125
YLLCORNER 384678.625000
CELLSIZE 30.000000
NODATA_VALUE -1
[rows 130 to 155 of 266, columns 180 to 239 of 382]
00285.110 00142.479 00248.317 00391.836 00471.370 00516.922 00559.310 00562.183 00563.189 00546.060 00522.298 00495.376 00422.986 00336.142 00301.567 00279.613 00258.417 00247.611 00287.633 00334.253 00312.267 00230.934 00413.057 00461.650 00228.272 00406.782 00623.760 00888.840 01209.081 01532.010 01498.689 00597.865 00460.277 00476.683 00488.501 00495.358 00598.685 00013.340 00014.568 00288.008 00147.186 00132.046 00176.311 00236.444 00175.675 00266.182 00342.646 00273.864 00224.205 00195.047 00184.481 00191.861 00269.286 00352.197 00307.378 00382.726 00307.893 00334.027 00369.149 00399.428
00124.376 00130.511 00260.560 00415.638 00481.430 00531.831 00565.987 00572.672 00557.293 00533.674 00516.964 00471.910 00408.456 00318.232 00272.578 00248.651 00232.188 00218.182 00285.573 00328.104 00445.348 00215.325 00439.059 00529.251 00265.172 00438.896 00694.216 01016.136 01351.714 01401.998 01297.496 00842.252 00466.009 00476.057 00485.669 00478.439 00538.988 00011.916 00012.327 00057.069 00137.086 00159.086 00187.049 00206.628 00260.373 00305.176 00438.916 00450.228 00398.971 00220.106 00253.179 00314.710 00402.235 00373.576 00451.039 00332.219 00344.342 00370.398 00404.896 00453.805
00296.095 00102.904 00240.340 00442.167 00494.778 00545.682 00565.106 00575.875 00547.972 00522.768 00502.640 00428.942 00380.086 00287.959 00235.270 00214.093 00203.516 00268.846 00283.722 00363.974 00388.541 00198.887 00458.333 00476.683 00329.676 00483.890 00790.063 01129.497 01298.185 01229.582 01129.912 00466.643 00455.082 00476.217 00440.845 00407.390 00460.337 00010.600 00009.636 00005.319 00082.607 00146.278 00182.642 00203.331 00257.843 00361.112 00445.526 00562.489 00516.051 00462.164 00466.518 00434.033 00437.154 00383.597 00365.899 00349.530 00375.598 00449.663 00531.618 00436.742
00367.503 00097.627 00224.240 00446.276 00517.299 00573.483 00569.900 00559.135 00530.315 00505.166 00442.353 00379.821 00334.723 00232.821 00210.179 00172.860 00312.921 00231.193 00272.436 00374.783 00286.391 00191.496 00427.946 00458.293 00350.626 00556.320 00850.648 01081.892 01111.446 01052.380 00911.132 00534.070 00412.527 00381.505 00351.563 00348.116 00369.387 00009.247 00008.502 00003.807 00041.262 00125.076 00188.027 00226.820 00295.380 00366.530 00475.350 00609.083 00692.768 00668.130 00499.309 00467.935 00472.765 00368.926 00368.742 00437.459 00469.685 00536.684 00504.624 00380.747
00360.836 00113.153 00302.770 00445.961 00551.176 00599.730 00579.813 00549.657 00510.321 00470.081 00377.572 00360.295 00294.864 00220.837 00155.209 00330.067 00279.644 00217.636 00254.122 00384.014 00230.050 00190.870 00573.283 00419.196 00375.560 00451.053 00462.610 00880.550 00929.544 00818.549 00663.488 00563.055 00305.522 00307.931 00307.466 00282.588 00323.139 00007.075 00006.865 00003.366 00001.518 00073.741 00175.924 00257.423 00325.336 00405.089 00517.242 00632.009 00720.587 00689.540 00581.455 00453.612 00464.210 00468.370 00459.328 00456.816 00539.796 00587.102 00487.380 00366.838
00363.827 00337.195 00311.540 00483.163 00554.558 00584.517 00593.208 00551.745 00516.070 00421.649 00413.931 00368.726 00249.342 00403.521 00308.742 00340.472 00254.737 00199.289 00268.081 00335.711 00254.228 00200.500 00210.670 00212.873 00244.715 00338.489 00401.833 00695.426 00700.827 00556.004 00460.183 00397.289 00271.147 00271.236 00258.783 00263.413 00167.564 00006.462 00007.056 00003.210 00001.678 00002.057 00161.478 00258.385 00341.518 00438.720 00509.296 00577.431 00642.673 00722.872 00679.543 00518.601 00449.511 00458.933 00462.592 00527.684 00653.873 00606.603 00459.893 00425.136
00379.571 00131.717 00399.150 00492.457 00508.851 00532.589 00555.992 00545.302 00466.899 00421.072 00451.962 00376.291 00368.618 00380.457 00325.520 00319.839 00190.361 00201.627 00262.975 00285.591 00215.201 00200.603 00201.938 00204.065 00205.624 00300.292 00330.202 00470.702 00432.944 00349.591 00286.148 00215.677 00256.039 00271.188 00252.302 00249.513 00471.922 00006.474 00006.268 00003.121 00002.052 00002.028 00099.477 00270.697 00359.605 00475.636 00497.752 00520.475 00579.334 00679.667 00648.493 00504.899 00503.069 00477.259 00495.753 00590.024 00648.429 00564.356 00427.327 00445.320
00386.834 00154.250 00425.339 00401.716 00385.918 00388.230 00466.012 00511.319 00447.163 00458.428 00418.408 00389.191 00372.042 00364.372 00345.003 00283.515 00234.654 00257.834 00225.532 00262.817 00223.509 00308.550 00366.584 00201.167 00195.353 00195.464 00221.173 00347.633 00249.599 00174.323 00562.255 00349.603 00333.996 00384.614 00479.917 00450.332 00253.185 00005.927 00005.744 00003.193 00001.889 00002.481 00205.507 00257.551 00405.523 00475.845 00534.268 00542.603 00522.847 00531.852 00545.790 00490.434 00437.995 00435.181 00479.269 00542.538 00513.095 00448.773 00510.255 00479.529
00304.248 00259.598 00376.484 00397.766 00366.766 00335.266 00277.036 00340.317 00434.827 00351.427 00392.804 00392.109 00365.658 00358.908 00350.425 00310.133 00287.203 00291.039 00262.979 00314.304 00332.718 00365.117 00420.985 00427.562 00284.968 00173.573 00180.602 00331.930 00668.839 00461.102 00381.301 00427.906 00455.147 00460.360 00464.722 00320.506 00109.233 00006.135 00006.561 00003.157 00002.615 00002.769 00190.533 00294.949 00441.211 00531.821 00611.304 00553.820 00513.515 00492.052 00487.895 00457.013 00375.893 00413.235 00456.672 00488.338 00475.713 00492.227 00494.611 00480.884
00497.607 00476.688 00454.250 00425.551 00397.771 00374.697 00351.623 00295.514 00253.057 00236.649 00208.602 00359.413 00415.225 00357.621 00345.549 00303.854 00322.177 00252.962 00306.781 00305.522 00306.337 00370.690 00441.457 00424.530 00408.978 00189.592 00164.807 00435.758 00474.734 00523.844 00417.268 00443.567 00472.723 00500.412 00430.522 00176.959 00037.508 00008.426 00007.716 00004.595 00004.543 00007.500 00148.730 00323.422 00447.397 00619.700 00708.822 00741.023 00540.560 00478.232 00460.468 00401.358 00350.745 00376.691 00402.371 00430.206 00467.158 00440.127 00439.797 00510.640
00516.686 00521.935 00496.580 00470.502 00444.258 00418.465 00381.341 00344.249 00295.333 00243.337 00211.640 00182.744 00322.109 00356.778 00343.121 00356.683 00335.217 00320.785 00330.149 00252.230 00360.474 00415.735 00440.172 00425.380 00408.450 00183.331 00176.366 00174.529 00409.681 00469.798 00439.760 00445.084 00484.260 00489.379 00459.631 00485.588 00505.916 00257.890 00008.978 00007.157 00102.186 00106.082 00116.098 00274.587 00538.206 00670.416 00813.135 00731.538 00546.457 00486.178 00418.363 00326.976 00353.075 00373.410 00389.501 00403.020 00412.330 00426.064 00345.927 00589.317
00520.861 00513.785 00514.219 00500.624 00469.619 00439.483 00412.923 00376.679 00336.376 00312.019 00252.962 00210.669 00195.505 00354.164 00363.339 00347.925 00336.296 00336.249 00336.747 00353.725 00379.586 00430.542 00433.647 00419.752 00414.542 00151.272 00166.855 00165.432 00179.033 00447.627 00462.090 00451.504 00467.538 00445.606 00456.715 00482.414 00529.949 00598.309 00036.028 00009.396 00009.299 00006.590 00081.159 00509.451 00626.988 00756.471 00865.053 00888.368 00640.261 00474.801 00309.000 00342.363 00366.362 00399.842 00416.411 00431.435 00432.437 00420.374 00446.804 00547.246
00546.400 00532.471 00515.362 00499.253 00483.964 00458.040 00432.150 00406.621 00379.786 00352.087 00324.516 00282.063 00228.506 00212.469 00242.944 00277.392 00254.673 00229.136 00216.105 00182.946 00282.513 00370.267 00410.360 00410.186 00414.054 00419.300 00360.221 00153.883 00174.902 00413.011 00458.444 00473.243 00460.606 00422.428 00443.566 00463.755 00475.409 00560.894 00676.383 00707.421 00739.310 00762.687 00759.799 00770.732 00809.983 00866.572 00819.300 00881.082 00673.484 00531.515 00369.053 00315.614 00358.941 00418.074 00406.130 00404.585 00401.700 00431.291 00467.508 00574.969
00575.638 00550.768 00541.892 00534.834 00511.347 00485.184 00458.029 00432.500 00407.468 00379.993 00350.135 00320.900 00290.380 00261.485 00235.952 00222.533 00222.066 00213.079 00192.565 00180.568 00163.453 00183.533 00344.270 00389.451 00403.020 00405.277 00410.399 00160.783 00171.916 00321.016 00443.621 00451.676 00430.934 00418.485 00426.333 00444.895 00466.632 00485.405 00491.699 00640.332 00662.114 00663.650 00670.570 00720.908 00761.242 00765.947 00792.180 00861.975 00750.223 00457.247 00378.528 00554.006 00681.490 00673.798 00564.263 00529.194 00504.296 00474.659 00550.211 00566.283
00623.819 00604.984 00590.477 00572.770 00549.939 00522.704 00494.438 00466.035 00441.454 00415.257 00384.514 00341.519 00304.778 00280.513 00254.254 00230.522 00219.316 00210.849 00196.545 00178.804 00165.599 00149.961 00136.301 00326.027 00365.252 00374.165 00340.555 00186.979 00172.915 00185.130 00195.953 00266.757 00306.516 00199.686 00189.219 00359.541 00444.668 00471.556 00481.509 00481.507 00572.843 00589.636 00637.983 00717.816 00712.928 00754.712 00756.746 00818.953 00502.910 00482.075 00534.095 00626.059 00669.625 00591.156 00554.746 00523.444 00494.044 00477.632 00525.750 00579.711
00657.771 00641.850 00629.334 00614.672 00593.825 00573.331 00557.081 00527.008 00481.269 00448.599 00422.602 00396.139 00357.012 00316.701 00277.168 00246.677 00225.031 00215.321 00205.090 00186.995 00163.648 00151.402 00138.035 00172.752 00258.234 00298.751 00292.009 00189.732 00184.020 00185.974 00190.037 00191.185 00190.509 00192.209 00194.222 00181.213 00181.371 00417.642 00463.695 00465.553 00484.855 00529.075 00582.680 00615.823 00643.304 00724.307 00711.526 00660.206 00440.082 00449.886 00521.385 00790.873 00862.221 00748.379 00761.421 00686.926 00373.883 00448.436 01734.721 02249.215
00682.965 00684.360 00680.370 00663.846 00640.977 00624.809 00602.687 00562.926 00528.946 00492.462 00453.998 00430.915 00401.826 00361.077 00318.674 00276.094 00247.527 00229.076 00213.460 00201.366 00174.417 00152.517 00138.268 00128.869 00224.826 00198.152 00199.189 00178.438 00166.898 00190.636 00191.624 00189.535 00186.370 00189.682 00193.028 00192.319 00193.227 00186.287 00332.920 00431.981 00449.136 00465.443 00481.649 00520.631 00576.800 00636.449 00674.729 00777.333 00421.760 00477.593 00587.079 00847.243 01076.711 01229.405 01739.537 01440.217 00888.993 01540.332 02162.193 01273.085
00732.167 00717.680 00696.193 00685.124 00676.795 00672.419 00651.000 00613.485 00587.974 00550.874 00542.050 00518.620 00476.688 00431.518 00380.995 00329.763 00280.740 00244.990 00217.018 00198.256 00179.169 00157.387 00140.354 00128.548 00271.729 00233.302 00210.587 00209.242 00214.258 00157.338 00127.740 00150.273 00168.992 00144.106 00181.137 00192.256 00192.050 00188.770 00191.559 00194.707 00194.129 00193.769 00452.431 00466.533 00497.664 00586.212 00588.622 00436.657 00420.132 00424.712 00817.780 01260.191 01401.073 01542.601 01774.847 01871.527 01259.226 01822.789 01716.437 00743.374
00732.492 00718.889 00706.893 00706.473 00709.046 00693.984 00669.363 00672.892 00675.359 00638.433 00611.086 00581.633 00544.490 00496.143 00445.690 00392.190 00333.518 00277.751 00241.286 00206.084 00186.222 00164.810 00147.695 00131.097 00299.626 00286.866 00234.782 00209.141 00210.453 00217.219 00207.592 00193.055 00180.323 00172.390 00158.848 00136.741 00185.028 00194.947 00188.593 00185.083 00181.418 00182.380 00389.046 00460.954 00476.993 00477.684 00471.078 00409.769 00361.610 00606.763 00955.080 01211.384 01294.880 01427.639 01620.849 01226.015 01495.556 01540.584 00749.303 00976.250
00731.542 00722.305 00720.001 00746.907 00722.326 00702.218 00698.494 00717.027 00712.692 00685.296 00653.929 00621.149 00587.979 00556.705 00520.002 00466.473 00409.413 00351.744 00296.639 00248.720 00203.124 00167.811 00148.694 00137.241 00129.088 00321.995 00286.527 00262.571 00244.250 00225.023 00219.991 00214.924 00209.202 00189.217 00179.300 00171.470 00125.510 00103.554 00185.484 00182.585 00180.833 00176.016 00179.781 00442.715 00470.935 00468.900 00434.866 00415.217 00449.536 00578.253 00686.044 00775.305 00949.417 01270.398 01304.365 01223.426 01754.047 01299.877 00924.872 00882.717
00728.259 00720.676 00728.144 00758.289 00740.806 00731.073 00714.113 00731.737 00735.987 00723.520 00692.800 00659.245 00631.366 00609.575 00573.944 00550.649 00499.183 00438.024 00376.891 00312.284 00244.764 00193.833 00145.629 00130.588 00127.598 00386.462 00346.796 00310.422 00279.435 00257.091 00235.422 00225.634 00220.683 00214.331 00200.857 00182.685 00163.673 00125.246 00107.004 00234.487 00274.021 00178.395 00173.658 00188.821 00391.467 00442.497 00394.073 00364.571 00348.161 00279.116 00501.327 00627.916 00525.216 01061.717 00974.187 01463.640 01988.108 01510.418 01123.758 00890.615
00724.994 00719.221 00736.433 00769.780 00759.290 00761.161 00730.018 00720.860 00708.074 00698.233 00673.257 00665.254 00678.690 00670.090 00683.997 00674.436 00623.694 00573.163 00508.178 00419.318 00313.589 00209.033 00150.862 00124.025 00120.385 00411.177 00394.526 00358.970 00323.807 00290.687 00267.672 00248.494 00236.221 00230.975 00220.999 00194.242 00167.292 00132.723 00109.441 00102.144 00246.279 00176.336 00183.912 00185.319 00192.653 00197.491 00194.539 00203.895 00213.402 00219.517 00272.219 00505.410 00539.677 00627.083 01082.305 01779.065 01866.892 01546.645 01098.391 01019.743
00454.184 00620.895 00571.146 00580.040 00655.124 00705.532 00736.427 00714.025 00684.534 00668.253 00634.565 00628.655 00644.884 00666.856 00729.842 00733.587 00719.552 00709.525 00697.663 00640.930 00517.495 00297.898 00121.505 00119.727 00117.589 00443.646 00425.284 00399.351 00374.541 00352.217 00320.278 00287.657 00270.731 00254.696 00236.148 00232.612 00190.272 00156.818 00122.334 00102.343 00099.662 00234.176 00185.271 00187.814 00186.461 00187.422 00188.320 00193.765 00353.227 00205.580 00209.177 00366.712 00493.007 00760.989 01384.433 01628.091 01724.547 01642.350 00930.774 01057.897
00401.466 00402.812 00372.189 00354.368 00403.596 00533.464 00725.823 00710.248 00668.978 00632.804 00595.231 00592.309 00612.257 00655.598 00713.577 00708.951 00689.838 00669.811 00647.305 00582.811 00465.143 00271.305 00122.635 00119.469 00118.596 00529.770 00506.389 00477.610 00440.166 00414.827 00386.324 00365.255 00345.289 00318.949 00287.404 00260.053 00216.062 00185.465 00151.947 00109.852 00099.306 00097.648 00265.327 00238.822 00174.446 00247.502 00263.383 00264.073 00362.014 00244.349 00193.985 00201.100 00468.097 00791.362 01374.256 01448.538 01483.535 01431.821 01133.108 00775.248
00300.664 00265.353 00307.760 00402.385 00423.555 00429.695 00700.579 00700.841 00656.830 00605.368 00570.316 00538.795 00539.611 00536.129 00548.732 00547.210 00517.920 00501.712 00454.011 00376.653 00279.288 00189.637 00138.853 00117.802 00643.039 00619.195 00589.568 00559.400 00528.565 00498.804 00466.526 00439.218 00414.145 00388.818 00370.494 00318.527 00257.568 00221.048 00168.654 00147.396 00102.450 00097.196 00089.930 00285.365 00328.967 00307.213 00340.816 00323.159 00330.246 00309.939 00196.963 00189.525 00438.586 00844.998 01140.176 01198.415 01195.243 01075.223 00753.194 00568.928
00374.227 00319.400 00303.842 00252.903 00449.220 00486.798 00379.348 00634.643 00620.377 00582.128 00546.417 00513.518 00482.448 00461.961 00433.020 00414.233 00384.189 00342.937 00296.202 00241.237 00193.697 00139.934 00119.995 00726.945 00701.856 00675.920 00659.156 00632.684 00603.566 00571.761 00539.510 00506.253 00480.529 00449.268 00421.292 00385.628 00312.251 00249.499 00193.179 00147.439 00131.731 00099.209 00093.266 00198.772 00301.488 00319.472 00316.867 00297.477 00300.679 00297.537 00298.035 00186.520 00474.543 00537.812 00743.762 00900.961 00910.138 00720.381 00603.507 00481.583
