Assets/WUInity/Farsite/test_dataset/Ashley/output/test.sdr
NCOLS 382
NROWS 266
XLLCORNER 157819.328125
YLLCORNER 384678.625000
CELLSIZE 30.000000
NODATA_VALUE -1
[rows 84 to 125 of 266, columns 94 to 187 of 382]
-01 -01 -01 -01 -01 -01 -01 -01 -01 -01 -01 -01 -01 -01 -01 294 295 297 299 301 301 301 309 306 304 280 300 271 266 266 267 265 288 288 284 273 273 280 280 279 285 284 284 283 285 284 294 293 292 302 302 293 292 294 294 293 294 297 300 301 303 303 308 307 312 322 339 339 096 113 108 102 097 082 068 059 047 041 038 030 018 014 028 028 023 015 013 013 026 025 356 356 359 359
-01 -01 -01 -01 -01 -01 -01 -01 -01 -01 -01 -01 -01 -01 322 323 295 298 300 301 300 301 301 301 304 292 290 296 295 296 267 266 268 288 276 273 273 273 280 279 279 284 284 283 283 284 284 293 292 299 301 299 292 295 294 294 295 298 299 301 303 304 308 312 311 321 339 339 102 112 106 102 095 082 046 041 042 042 042 039 035 034 031 029 347 010 011 011 028 341 342 348 348 359
-01 -01 -01 -01 -01 -01 -01 -01 -01 -01 -01 -01 -01 -01 294 294 331 331 331 274 281 301 301 302 297 289 291 294 296 297 288 265 268 270 259 273 273 273 274 279 279 279 284 284 283 284 284 292 291 295 299 298 292 295 294 294 295 298 299 301 303 303 307 311 320 336 336 082 091 089 086 050 049 049 049 046 041 042 042 027 024 022 024 010 012 015 015 018 020 345 343 342 340 357
-01 -01 -01 -01 -01 -01 -01 -01 -01 -01 -01 -01 -01 -01 294 293 331 331 329 326 282 285 285 271 258 290 292 295 296 300 276 243 244 270 259 259 259 273 274 274 274 279 279 284 284 283 284 284 290 291 290 296 292 295 295 295 295 299 299 300 302 303 307 309 317 333 050 082 091 061 058 053 050 049 049 036 034 034 033 031 029 355 023 023 114 105 034 030 340 336 341 336 351 351
-01 -01 -01 -01 -01 -01 -01 -01 -01 -01 -01 -01 -01 294 294 293 294 327 325 323 322 285 285 268 259 256 254 252 247 246 244 243 243 244 255 259 259 259 258 274 274 276 279 284 284 283 283 284 283 290 290 295 292 295 295 295 296 295 299 299 302 303 306 308 313 322 023 082 059 061 060 056 052 047 047 044 039 034 052 007 026 029 104 112 035 051 044 322 330 333 331 346 346 001
-01 -01 -01 -01 -01 -01 -01 -01 -01 -01 -01 -01 -01 289 289 288 292 293 293 322 315 295 276 269 260 254 254 253 248 247 245 243 263 263 263 249 259 259 258 260 273 276 279 281 284 284 283 283 283 290 289 294 292 290 294 295 295 294 299 298 301 306 306 307 322 339 339 038 038 060 053 045 042 044 050 049 048 002 007 022 026 098 106 058 061 057 051 317 326 332 334 346 348 356
-01 -01 -01 -01 -01 -01 -01 -01 -01 -01 -01 -01 289 289 289 288 292 293 285 278 276 284 273 250 252 254 255 247 248 247 264 264 263 263 263 249 250 251 254 258 275 277 279 281 282 284 284 283 283 283 289 288 291 289 294 294 295 294 298 298 301 306 306 311 311 325 320 014 039 074 059 053 046 047 050 050 015 003 013 016 093 099 064 063 062 060 317 325 322 335 353 353 356 320
-01 -01 -01 -01 -01 -01 -01 -01 -01 -01 -01 -01 274 274 273 273 272 271 283 278 277 285 238 244 252 229 242 246 230 260 264 264 248 248 249 240 242 250 253 213 220 228 245 256 282 283 284 284 283 283 288 287 290 289 294 293 293 294 298 298 301 306 307 311 310 320 334 330 079 076 066 058 053 005 021 009 009 008 008 092 093 065 065 062 062 062 317 322 334 333 357 358 358 321
-01 -01 -01 -01 -01 -01 -01 -01 -01 -01 -01 -01 274 274 273 273 272 271 282 262 277 226 239 235 251 222 232 245 194 256 256 248 248 248 248 241 240 245 191 193 201 219 231 255 266 283 283 284 283 283 283 287 286 289 288 293 293 294 298 298 301 306 307 310 320 317 325 047 080 077 040 031 030 009 021 021 021 095 099 092 030 064 060 062 061 317 320 322 331 358 358 358 310 324
-01 -01 -01 -01 -01 -01 -01 -01 -01 -01 -01 -01 272 272 273 273 256 255 254 262 204 213 222 221 211 210 218 182 250 256 256 244 247 248 220 219 228 241 176 176 175 217 243 247 263 284 282 284 284 283 283 286 287 288 289 293 294 295 298 298 301 306 307 310 317 325 319 353 062 058 050 022 018 018 020 021 089 096 098 035 062 063 059 061 062 321 326 326 331 356 355 028 321 329
-01 -01 -01 -01 -01 -01 -01 -01 -01 -01 -01 -01 272 259 260 256 256 255 254 252 189 197 197 213 212 212 207 164 252 257 244 244 247 221 221 217 219 171 171 320 283 282 283 276 286 283 282 283 284 285 284 285 287 288 289 293 294 295 298 298 301 306 306 309 316 319 334 330 063 060 035 031 014 014 095 091 089 096 031 031 064 060 060 060 334 332 329 333 354 354 354 014 329 329
-01 -01 -01 -01 -01 -01 -01 -01 -01 -01 -01 -01 264 259 260 256 256 256 245 250 181 181 181 214 213 212 203 265 242 242 243 244 215 221 221 215 216 162 285 274 273 282 283 284 286 280 282 283 284 285 284 286 287 288 289 289 294 295 298 299 301 306 307 309 316 318 328 336 336 047 041 017 017 095 094 091 113 113 032 031 062 062 090 335 336 343 337 340 359 359 001 329 330 313
-01 -01 -01 -01 -01 -01 -01 -01 -01 -01 -01 -01 300 290 273 256 244 244 244 186 186 181 181 217 213 213 202 242 242 241 243 210 210 212 221 214 215 270 270 274 273 273 283 284 280 281 282 283 284 286 286 286 286 288 289 289 294 295 298 299 301 307 309 309 316 317 327 332 349 049 019 018 094 095 108 112 114 028 030 043 056 064 336 338 347 348 345 347 005 005 001 331 330 316
-01 -01 -01 -01 -01 -01 -01 -01 -01 -01 -01 297 296 273 273 244 244 244 241 189 189 189 179 212 213 196 244 243 239 240 210 210 210 209 206 208 273 270 270 270 273 273 273 273 280 281 282 284 284 285 286 286 286 289 289 289 294 295 295 299 301 307 309 316 317 328 332 331 350 351 094 094 094 099 111 100 311 022 027 032 043 055 339 340 349 349 348 017 014 011 331 331 039 323
-01 -01 -01 -01 -01 -01 -01 -01 -01 -01 -01 241 252 273 224 237 244 237 239 191 191 190 177 212 212 183 245 238 238 239 210 210 208 209 263 263 261 262 270 270 271 272 272 273 279 281 282 283 285 285 286 286 286 286 289 289 294 294 295 299 300 307 309 316 317 329 330 351 351 351 094 094 094 093 095 102 323 019 019 022 049 049 340 340 348 347 030 026 022 357 332 335 033 329
-01 -01 -01 -01 -01 -01 -01 -01 -01 -01 -01 -01 247 217 216 224 237 236 238 193 193 191 176 212 212 248 237 237 238 211 211 210 204 206 263 263 261 262 262 263 262 272 272 273 280 281 282 283 283 285 285 287 286 286 289 289 294 294 295 299 300 307 309 315 316 329 329 350 350 072 094 089 093 093 096 323 326 010 012 015 049 340 339 339 346 345 032 031 007 007 337 024 323 332
-01 -01 -01 -01 -01 -01 -01 -01 -01 -01 -01 -01 241 218 217 216 230 230 237 196 195 190 190 212 212 248 237 237 237 211 211 211 275 275 263 263 276 277 256 263 262 262 263 264 280 282 282 282 283 285 286 287 286 286 289 290 289 295 295 299 300 308 309 316 329 329 350 349 069 072 082 089 093 083 089 328 006 005 005 048 049 339 339 344 344 034 033 012 012 339 340 024 327 334
-01 -01 -01 -01 -01 -01 -01 -01 -01 -01 -01 -01 -01 219 218 217 230 230 197 197 196 189 189 212 212 238 237 236 237 211 211 211 275 275 274 274 277 277 277 277 262 262 263 264 254 269 282 282 283 283 286 286 286 287 287 290 290 295 295 299 300 309 309 316 329 329 348 348 069 072 139 072 075 082 331 332 014 012 032 041 048 339 339 342 342 033 034 014 340 342 023 324 329 338
-01 -01 -01 -01 -01 -01 -01 -01 -01 -01 -01 -01 -01 -01 218 232 231 228 199 198 197 189 189 212 238 238 235 235 210 211 211 278 275 275 274 274 277 277 277 277 277 262 209 233 246 267 282 281 283 283 286 286 287 286 287 290 289 295 295 299 299 309 316 315 329 347 347 071 069 130 070 072 073 332 333 332 024 023 021 027 321 339 342 341 029 031 009 010 346 027 026 330 339 338
-01 -01 -01 -01 -01 -01 -01 -01 -01 -01 -01 -01 -01 -01 -01 -01 226 227 200 200 197 197 189 211 239 238 234 235 205 207 266 266 268 270 270 270 268 268 267 277 277 277 316 310 237 266 282 281 283 283 283 285 285 286 287 289 289 295 295 299 298 309 315 330 330 343 075 071 069 046 060 071 109 333 332 029 028 017 017 017 319 338 338 032 031 029 002 351 352 034 332 322 336 334
-01 -01 -01 -01 -01 -01 -01 -01 -01 -01 -01 -01 -01 -01 -01 -01 226 226 201 201 197 197 186 243 240 233 234 234 195 267 266 266 266 268 270 270 268 268 267 266 266 277 274 306 304 283 282 281 280 283 282 285 285 286 286 286 289 295 295 298 309 309 315 331 340 340 075 072 010 010 046 092 304 331 331 032 030 020 019 315 318 337 336 032 032 000 000 351 044 040 340 322 332 017
-01 -01 -01 -01 -01 -01 -01 -01 -01 -01 -01 -01 -01 -01 -01 -01 -01 226 201 201 198 197 181 248 232 233 233 160 271 268 258 262 266 268 270 247 256 256 256 266 266 271 274 274 305 284 274 281 280 280 282 282 285 286 286 287 289 289 295 298 309 310 314 335 335 080 075 309 009 009 089 092 306 330 331 031 018 019 094 318 336 334 036 034 306 000 347 346 044 349 351 330 330 011
-01 -01 -01 -01 -01 -01 -01 -01 -01 -01 -01 -01 -01 -01 -01 -01 -01 -01 -01 201 201 198 172 255 227 232 233 246 215 242 257 262 266 237 240 240 255 256 256 260 266 271 275 274 277 280 280 274 280 280 282 282 285 285 286 287 289 289 296 298 309 314 335 335 090 080 102 010 010 076 089 324 306 330 355 010 011 091 282 320 332 331 038 036 000 028 344 035 039 358 333 332 000 316
-01 -01 -01 -01 -01 -01 -01 -01 -01 -01 -01 -01 -01 -01 -01 -01 -01 -01 -01 -01 -01 -01 198 -01 -01 196 195 173 191 192 255 261 230 233 239 218 251 211 232 259 202 210 225 256 277 277 280 280 273 280 280 282 282 285 286 287 289 289 296 298 310 311 336 334 090 092 316 009 010 076 098 337 308 308 333 333 091 091 281 328 330 045 041 039 000 013 342 026 002 079 341 344 000 315
-01 -01 -01 -01 -01 -01 -01 -01 -01 -01 -01 -01 -01 -01 -01 -01 -01 -01 -01 -01 -01 -01 -01 -01 -01 -01 -01 -01 -01 269 253 231 231 228 235 185 188 214 202 185 185 185 203 223 277 277 280 280 281 280 280 280 282 285 285 285 287 289 296 298 311 309 331 092 090 092 007 007 066 083 305 311 308 333 333 099 091 091 281 294 295 344 039 359 028 341 012 003 003 348 350 005 004 315
-01 -01 -01 -01 -01 -01 -01 -01 -01 -01 -01 -01 -01 -01 -01 -01 -01 -01 -01 -01 -01 -01 -01 -01 -01 -01 -01 -01 -01 240 231 230 231 212 229 151 145 215 215 183 184 184 263 279 278 277 277 280 281 282 280 280 282 282 285 285 287 289 295 297 310 324 083 092 090 312 000 028 054 083 305 297 308 332 330 099 102 046 281 294 318 013 329 330 008 338 004 001 062 356 357 013 336 314
-01 -01 -01 -01 -01 -01 -01 -01 -01 -01 -01 -01 -01 -01 -01 -01 -01 -01 -01 -01 -01 -01 -01 -01 -01 -01 -01 -01 -01 -01 240 226 230 186 192 144 139 217 216 183 183 271 263 268 278 278 277 277 281 281 281 280 280 281 285 285 286 289 295 295 308 304 090 106 306 328 000 000 044 073 297 297 307 326 081 108 102 309 300 295 305 314 324 293 337 000 000 357 063 359 015 014 342 316
-01 -01 -01 -01 -01 -01 -01 -01 -01 -01 -01 -01 -01 -01 -01 -01 -01 -01 -01 -01 -01 -01 -01 -01 -01 -01 -01 -01 -01 -01 240 216 226 163 157 157 130 220 218 277 324 328 326 267 279 278 277 277 277 281 281 274 280 281 281 285 285 286 287 294 308 040 090 358 332 001 359 038 038 059 289 299 323 022 081 114 309 326 305 292 304 315 318 307 312 329 355 067 359 359 017 003 336 321
-01 -01 -01 -01 -01 -01 -01 -01 -01 -01 -01 -01 -01 -01 -01 -01 -01 -01 -01 -01 -01 -01 -01 -01 -01 -01 -01 -01 -01 -01 -01 -01 215 158 160 157 -01 -01 -01 276 274 273 322 316 279 278 278 277 277 281 281 280 280 280 281 285 285 286 287 294 301 336 347 352 333 004 359 037 037 084 296 308 321 358 077 329 326 339 325 293 315 305 315 294 299 306 296 068 354 353 020 355 322 326
-01 -01 -01 -01 -01 -01 -01 -01 -01 -01 -01 -01 -01 -01 -01 -01 -01 -01 -01 -01 -01 -01 -01 -01 -01 -01 -01 -01 -01 -01 -01 -01 -01 -01 -01 -01 -01 -01 274 274 273 272 272 284 275 278 278 278 277 277 281 282 273 280 281 282 285 286 287 293 298 298 296 302 303 314 017 038 081 082 304 325 331 342 075 338 346 341 357 307 329 309 291 288 292 298 335 332 355 020 004 349 327 326
-01 -01 -01 -01 -01 -01 -01 -01 -01 -01 -01 -01 -01 -01 -01 -01 -01 -01 -01 -01 -01 -01 -01 -01 -01 -01 -01 -01 -01 -01 -01 -01 -01 -01 -01 -01 -01 -01 274 268 268 272 272 275 275 275 277 277 277 277 277 282 281 280 280 282 285 286 287 292 293 296 294 300 314 312 334 081 081 300 306 346 346 016 340 340 346 359 359 339 354 323 333 287 288 296 304 297 317 347 351 327 325 325
-01 -01 -01 -01 -01 -01 -01 -01 -01 -01 -01 -01 -01 -01 -01 -01 -01 -01 -01 -01 -01 -01 -01 -01 -01 -01 -01 -01 -01 -01 -01 -01 -01 -01 -01 -01 -01 -01 268 268 268 269 269 270 275 275 276 277 277 277 277 282 282 282 280 282 285 286 287 287 291 296 294 300 312 327 088 113 115 306 305 347 347 018 341 346 346 357 038 022 329 343 351 287 287 290 296 290 304 325 335 338 327 328
-01 -01 -01 -01 -01 -01 -01 -01 -01 -01 -01 -01 -01 -01 -01 -01 -01 -01 -01 -01 -01 -01 -01 -01 -01 -01 -01 -01 -01 -01 -01 -01 -01 -01 -01 -01 -01 -01 268 268 268 269 269 270 270 275 276 276 278 277 278 277 282 282 276 281 281 286 287 287 291 294 294 300 310 307 088 113 335 305 348 348 018 018 342 347 356 356 042 359 010 004 083 267 286 287 293 288 303 302 310 310 328 331
-01 -01 -01 -01 -01 -01 -01 -01 -01 -01 -01 -01 -01 -01 -01 -01 -01 -01 -01 -01 -01 -01 -01 -01 -01 -01 -01 -01 -01 -01 -01 -01 -01 -01 -01 -01 -01 -01 272 272 272 272 272 270 270 270 276 276 278 278 278 277 277 282 282 281 281 286 285 287 291 291 293 299 309 005 036 349 332 304 350 327 022 333 347 348 357 044 000 009 010 063 076 267 266 284 284 286 301 302 310 310 333 333
-01 -01 -01 -01 -01 -01 -01 -01 -01 -01 -01 -01 -01 -01 -01 -01 -01 -01 -01 -01 -01 -01 -01 -01 -01 332 319 018 032 -01 -01 -01 -01 -01 -01 -01 -01 -01 261 263 267 270 270 267 270 270 270 276 276 278 277 278 277 282 281 276 281 280 284 286 291 291 293 298 303 312 346 357 029 302 314 351 341 343 351 358 358 001 006 007 063 063 070 268 266 284 283 285 302 302 311 310 333 333
-01 -01 -01 -01 -01 -01 -01 -01 -01 -01 -01 -01 -01 -01 -01 -01 -01 -01 -01 -01 -01 -01 -01 -01 308 308 308 357 357 023 023 -01 -01 -01 -01 -01 -01 007 007 303 304 269 270 274 275 268 270 270 276 276 277 278 276 276 281 281 281 280 284 286 286 291 292 296 297 302 321 299 343 294 302 317 311 306 312 325 050 005 004 064 063 063 075 243 260 272 283 283 302 302 310 310 334 334
-01 -01 -01 -01 -01 -01 -01 -01 -01 -01 -01 -01 -01 -01 -01 -01 -01 -01 -01 -01 -01 -01 -01 294 308 309 306 305 315 014 024 004 004 009 010 323 324 007 007 304 302 300 299 274 275 275 269 270 269 276 275 276 276 276 281 281 276 280 281 284 285 291 292 295 294 300 307 286 296 291 294 303 302 301 304 313 327 335 067 065 064 076 075 049 250 272 272 283 302 302 303 309 335 335
-01 -01 -01 -01 -01 -01 -01 -01 -01 -01 -01 -01 -01 -01 -01 -01 -01 -01 -01 -01 -01 -01 -01 294 294 293 305 304 303 298 354 351 010 009 009 324 324 007 007 007 262 300 296 269 275 275 274 269 269 270 275 275 277 276 277 281 283 280 281 284 285 291 291 294 294 300 304 284 285 290 289 302 302 306 313 312 326 324 057 073 075 076 048 048 092 263 272 282 282 303 304 308 336 337
-01 -01 -01 -01 -01 -01 -01 -01 -01 -01 -01 -01 -01 -01 -01 -01 -01 -01 -01 -01 -01 -01 -01 293 294 293 293 293 300 293 290 320 286 000 002 324 321 008 008 008 323 269 284 269 268 275 274 274 269 270 271 275 277 276 277 282 283 278 281 282 284 285 291 294 294 300 304 283 282 282 287 302 303 304 312 326 324 023 037 072 044 045 047 093 092 261 271 275 281 304 305 306 337 337
-01 -01 -01 -01 -01 -01 -01 -01 -01 -01 -01 -01 -01 -01 -01 -01 -01 -01 -01 -01 -01 -01 293 294 293 293 293 293 293 292 289 288 284 339 323 310 321 009 008 008 323 323 265 263 268 268 274 274 274 270 271 272 277 278 277 278 283 284 281 282 285 285 291 291 294 300 302 313 282 282 286 302 303 304 310 324 322 355 009 044 044 044 093 093 011 258 271 275 278 279 306 307 337 337
-01 -01 -01 -01 -01 -01 -01 -01 -01 -01 -01 -01 -01 -01 -01 -01 -01 -01 -01 -01 -01 -01 279 279 278 278 277 277 277 291 289 288 282 276 302 319 298 353 346 332 321 291 269 263 264 268 268 274 274 274 271 272 278 279 278 278 283 283 279 282 285 285 291 291 294 300 302 313 282 282 282 303 303 303 310 322 320 333 332 063 044 094 093 019 057 056 242 275 279 279 307 306 337 337
-01 -01 -01 -01 -01 -01 -01 -01 -01 -01 -01 -01 -01 -01 -01 -01 -01 -01 -01 -01 -01 -01 279 279 278 278 277 277 277 276 276 276 276 276 277 276 286 272 321 291 304 282 269 270 271 266 268 269 269 274 274 272 271 279 278 278 277 283 283 282 282 285 291 291 293 300 301 312 265 282 282 282 303 303 309 320 319 329 057 078 095 094 024 057 057 057 237 250 253 279 307 306 337 337
