Assets/WUInity/Farsite/test_dataset/Ashley/output/test.ros
NCOLS 382
NROWS 266
XLLCORNER 157819.328125
YLLCORNER 384678.625000
CELLSIZE 30.000000
NODATA_VALUE -1
[rows 170 to 203 of 266, columns 154 to 230 of 382]
-1.00 -1.00 -1.00 -1.00 -1.00 04.65 06.16 06.07 05.57 02.37 01.09 04.94 07.97 08.18 08.35 08.44 07.71 07.22 07.27 07.43 07.76 08.01 08.41 09.09 30.36 37.01 36.80 36.39 35.86 35.14 34.74 34.39 34.02 34.41 34.85 34.80 34.52 34.04 33.37 32.72 32.07 31.81 32.64 31.96 31.18 30.06 28.44 26.67 25.58 24.28 21.76 19.17 16.76 14.93 13.12 10.81 09.07 08.29 07.58 07.25 07.25 07.21 07.16 06.97 13.46 17.63 18.00 15.57 13.85 13.04 12.21 11.72 10.74 09.73 09.34 10.55 08.87
-1.00 -1.00 -1.00 -1.00 -1.00 -1.00 00.53 04.42 01.77 06.22 -1.00 00.79 07.83 08.00 08.16 08.27 07.76 07.03 07.07 07.13 07.45 07.69 08.03 08.45 38.30 38.19 38.05 37.84 37.54 37.14 36.93 36.70 36.63 37.19 37.18 37.15 37.16 36.87 36.51 36.24 35.85 35.36 35.01 34.60 34.09 32.80 31.04 29.61 29.42 27.84 25.42 22.56 20.26 17.99 15.62 13.23 11.01 08.72 07.36 06.93 06.81 06.83 06.55 06.84 14.39 17.44 16.51 13.86 12.93 12.12 11.68 10.58 09.88 09.26 09.94 11.59 04.47
-1.00 -1.00 -1.00 -1.00 -1.00 -1.00 -1.00 -1.00 03.07 03.93 -1.00 -1.00 07.69 07.82 07.96 08.09 07.75 06.86 06.88 06.94 07.14 07.33 07.63 08.01 39.44 39.37 39.30 39.22 39.11 38.95 38.75 38.50 38.23 38.03 37.99 37.98 37.95 37.76 37.52 37.33 37.11 36.79 36.59 36.39 36.14 34.92 33.08 34.83 34.51 32.59 30.30 28.15 25.81 22.81 19.88 16.96 13.76 10.55 08.05 06.64 06.12 06.42 06.34 06.56 13.96 15.75 14.82 12.76 12.26 11.69 10.85 09.99 08.94 09.52 10.97 12.75 05.48
-1.00 -1.00 -1.00 -1.00 -1.00 -1.00 -1.00 -1.00 -1.00 -1.00 -1.00 -1.00 07.13 07.66 07.75 07.92 07.75 06.70 06.68 06.74 06.84 06.97 07.21 07.57 39.76 39.69 39.62 39.55 39.46 39.37 39.26 39.13 38.97 38.86 38.82 38.79 38.76 38.68 38.55 38.49 38.42 38.23 38.07 37.87 37.51 36.71 35.53 34.97 35.20 35.02 35.30 35.95 33.95 31.50 29.11 25.41 20.52 15.14 09.35 05.97 06.00 06.06 06.12 06.33 12.45 14.15 12.86 12.13 11.83 10.76 10.04 09.17 09.06 10.36 12.20 12.92 04.99
-1.00 -1.00 -1.00 -1.00 -1.00 -1.00 -1.00 -1.00 -1.00 -1.00 -1.00 -1.00 05.13 06.42 07.48 07.65 07.66 06.57 06.45 06.54 06.63 06.67 06.79 07.12 40.01 39.93 39.85 39.76 39.67 39.58 39.47 39.37 39.27 39.17 39.09 38.99 38.89 38.82 38.75 38.76 38.69 38.51 38.32 38.08 37.70 37.13 36.31 35.16 34.53 33.75 33.93 34.31 35.94 35.47 34.61 33.54 31.87 28.76 21.57 04.13 05.85 05.70 05.89 06.15 11.56 12.69 11.68 11.48 10.56 09.76 09.01 09.00 10.00 10.87 11.32 19.00 23.71
-1.00 -1.00 -1.00 -1.00 -1.00 -1.00 -1.00 -1.00 -1.00 -1.00 -1.00 -1.00 -1.00 00.64 07.27 07.35 07.38 06.25 06.25 06.17 06.29 06.46 06.39 06.67 40.07 39.98 39.89 39.78 39.65 39.48 39.26 39.08 38.97 38.85 38.71 38.54 38.29 38.13 38.17 38.21 38.07 37.87 37.66 37.41 37.08 36.63 36.08 35.06 33.39 31.53 30.73 30.28 30.56 29.74 27.27 23.76 19.34 14.43 09.19 06.03 05.70 05.69 05.81 05.90 11.16 11.39 10.88 10.17 09.42 08.77 08.60 09.15 09.90 10.33 10.22 19.98 21.54
-1.00 -1.00 -1.00 -1.00 -1.00 -1.00 -1.00 -1.00 -1.00 -1.00 -1.00 -1.00 -1.00 -1.00 06.94 07.07 07.11 06.37 05.89 05.84 05.86 05.95 06.02 06.06 39.53 39.38 39.23 39.06 38.89 38.70 38.70 38.79 38.67 38.53 38.35 38.09 37.70 37.45 37.48 37.30 36.83 36.32 35.77 35.15 34.44 33.59 32.59 31.40 29.97 28.34 26.06 24.25 22.59 20.71 18.57 15.99 13.13 10.19 08.13 06.58 05.94 05.67 05.74 05.79 10.10 10.38 09.47 09.01 08.34 08.24 08.41 09.09 09.43 09.15 16.72 19.95 21.03
-1.00 -1.00 -1.00 -1.00 -1.00 -1.00 -1.00 -1.00 -1.00 -1.00 -1.00 -1.00 -1.00 -1.00 -1.00 06.71 06.91 06.75 05.58 05.56 05.53 05.47 05.68 05.49 38.62 38.45 38.27 38.10 37.87 37.58 37.43 37.56 37.13 36.65 36.10 35.47 34.79 34.92 34.60 34.39 34.02 33.42 32.78 32.08 31.29 30.29 29.12 27.89 26.56 25.06 23.36 20.93 18.39 16.19 14.32 12.31 10.45 08.76 07.58 06.72 06.25 05.89 05.75 06.84 09.16 08.92 08.59 08.03 07.87 07.98 08.39 08.47 08.24 13.99 19.30 20.45 19.98
-1.00 -1.00 -1.00 -1.00 -1.00 -1.00 -1.00 -1.00 -1.00 -1.00 -1.00 -1.00 -1.00 -1.00 -1.00 -1.00 06.55 06.67 06.03 05.27 05.33 05.23 05.13 05.11 32.37 36.99 36.68 36.34 35.99 35.62 35.22 34.87 34.41 33.77 33.13 32.70 32.31 32.00 32.10 31.54 31.23 30.69 30.00 29.23 28.33 27.22 25.75 24.28 23.05 21.66 20.08 18.07 16.15 14.56 12.86 10.94 09.67 08.87 08.00 06.91 06.47 06.21 06.14 07.80 07.83 07.91 07.59 07.32 07.49 07.87 08.11 07.95 11.81 18.16 19.53 19.52 16.52
-1.00 -1.00 -1.00 -1.00 -1.00 -1.00 -1.00 -1.00 -1.00 -1.00 -1.00 -1.00 -1.00 -1.00 -1.00 -1.00 -1.00 01.37 06.47 05.22 05.13 05.04 04.93 04.82 04.87 35.37 35.01 34.63 34.22 33.83 33.43 33.02 32.58 32.14 31.71 31.31 30.94 30.55 30.02 29.33 28.71 28.18 27.52 26.73 25.85 24.50 22.52 20.35 18.89 18.80 17.99 16.80 15.49 13.83 11.60 10.18 09.71 08.87 07.76 07.00 06.72 06.51 07.10 07.21 07.38 07.20 06.94 06.95 07.45 08.00 07.99 08.17 16.78 18.21 18.92 18.29 18.34
-1.00 -1.00 -1.00 -1.00 -1.00 -1.00 -1.00 -1.00 -1.00 -1.00 -1.00 -1.00 -1.00 -1.00 -1.00 -1.00 -1.00 -1.00 04.26 06.17 05.09 04.99 04.88 04.77 04.68 04.60 33.53 33.17 32.79 32.40 31.98 31.55 31.11 30.69 30.30 29.95 29.58 29.15 28.29 27.08 26.51 25.99 25.15 23.82 22.35 20.74 19.25 18.56 17.88 17.00 16.03 15.09 13.83 12.32 11.20 10.37 09.36 08.58 07.78 07.33 06.93 06.64 06.80 06.93 06.88 06.91 06.99 07.37 07.77 07.85 07.94 15.29 17.57 18.44 19.43 20.14 19.46
-1.00 -1.00 -1.00 -1.00 -1.00 -1.00 -1.00 -1.00 -1.00 -1.00 -1.00 -1.00 -1.00 -1.00 -1.00 -1.00 -1.00 -1.00 -1.00 06.41 05.65 04.95 04.85 04.75 04.65 04.55 04.46 31.82 31.41 30.97 30.53 30.09 29.66 29.24 28.77 28.17 27.45 26.51 25.27 24.11 23.22 22.36 21.81 20.83 19.63 18.98 18.32 17.65 16.95 15.83 14.18 12.75 11.18 11.02 10.46 09.99 09.64 08.40 08.30 07.54 06.55 06.38 06.52 06.62 06.85 07.10 07.39 07.61 07.29 07.51 14.79 17.58 19.00 19.46 19.19 19.32 19.83
-1.00 -1.00 -1.00 -1.00 -1.00 -1.00 -1.00 -1.00 -1.00 -1.00 -1.00 -1.00 -1.00 -1.00 -1.00 -1.00 -1.00 -1.00 -1.00 -1.00 06.30 05.08 04.84 04.74 04.64 04.53 04.44 04.36 29.96 29.52 29.07 28.55 28.01 27.45 26.84 26.17 25.39 24.20 22.80 21.33 21.10 20.66 19.84 19.26 18.66 18.02 17.37 16.73 15.57 14.37 13.05 11.67 11.18 10.69 10.43 09.47 08.83 08.68 08.33 06.27 06.17 06.35 06.50 06.83 07.05 07.21 07.39 07.45 07.54 14.37 17.44 18.63 18.39 18.12 17.89 17.94 17.99
-1.00 -1.00 -1.00 -1.00 -1.00 -1.00 -1.00 -1.00 -1.00 -1.00 -1.00 -1.00 -1.00 -1.00 -1.00 -1.00 -1.00 -1.00 -1.00 -1.00 -1.00 06.19 04.84 04.74 04.64 04.56 04.47 04.37 04.29 27.96 27.44 26.90 26.34 25.76 24.93 23.86 22.70 21.45 20.86 20.43 19.97 19.39 18.88 18.40 17.74 17.07 16.25 15.29 14.32 13.21 12.07 11.30 10.81 10.57 10.02 09.47 08.82 08.62 05.79 06.01 06.24 06.42 06.65 06.83 06.95 07.09 07.29 07.40 13.26 16.59 17.37 17.32 17.04 16.32 16.45 16.74 17.05
-1.00 -1.00 -1.00 -1.00 -1.00 -1.00 -1.00 -1.00 -1.00 -1.00 -1.00 -1.00 -1.00 -1.00 -1.00 -1.00 -1.00 -1.00 -1.00 -1.00 -1.00 -1.00 05.48 04.75 04.68 04.59 04.50 04.42 04.34 04.26 09.88 25.23 24.41 23.52 22.56 21.56 20.99 20.46 20.06 19.59 19.06 18.51 17.85 17.15 16.49 15.74 14.98 14.19 13.05 11.99 11.37 11.00 10.53 10.34 10.07 09.23 05.27 05.52 05.79 06.01 06.22 06.34 06.54 06.67 06.76 07.02 07.12 12.03 15.43 16.00 16.13 15.95 15.72 15.88 15.33 14.76 14.82
-1.00 -1.00 -1.00 -1.00 -1.00 -1.00 -1.00 -1.00 -1.00 -1.00 -1.00 -1.00 -1.00 -1.00 -1.00 -1.00 -1.00 -1.00 -1.00 -1.00 -1.00 -1.00 -1.00 -1.00 05.05 04.63 04.54 04.46 04.40 04.32 03.55 03.39 04.19 21.69 21.15 20.60 20.06 19.62 19.18 18.73 18.18 17.53 16.85 16.36 15.96 14.79 13.42 12.64 11.94 11.65 11.09 10.61 10.22 05.87 05.03 05.15 05.22 05.41 05.71 05.77 06.02 06.21 06.34 06.39 06.57 06.72 11.98 14.04 14.51 14.70 15.01 15.38 15.20 14.58 14.34 13.77 13.13
-1.00 -1.00 -1.00 -1.00 -1.00 -1.00 -1.00 -1.00 -1.00 -1.00 -1.00 -1.00 -1.00 -1.00 -1.00 -1.00 -1.00 -1.00 -1.00 -1.00 -1.00 -1.00 -1.00 -1.00 -1.00 -1.00 04.58 04.51 04.46 04.40 03.23 03.88 01.52 -1.00 -1.00 04.21 13.95 18.93 18.47 17.91 17.33 16.75 16.26 15.68 14.84 13.95 12.68 12.02 11.84 11.34 04.92 05.00 05.00 05.11 05.08 05.14 05.24 05.28 05.47 05.70 05.81 05.84 05.87 06.06 07.54 11.59 12.91 13.38 13.65 13.87 14.12 14.40 14.58 13.85 13.22 12.71 13.17
-1.00 -1.00 -1.00 -1.00 -1.00 -1.00 -1.00 -1.00 -1.00 -1.00 -1.00 -1.00 -1.00 -1.00 -1.00 -1.00 -1.00 00.35 -1.00 -1.00 -1.00 -1.00 -1.00 -1.00 -1.00 -1.00 -1.00 -1.00 -1.00 04.50 04.70 05.19 05.72 -1.00 -1.00 -1.00 00.15 03.53 04.29 04.32 04.35 04.39 04.42 04.44 04.45 04.57 04.69 04.72 04.73 04.79 04.85 04.91 05.03 05.17 05.16 05.27 05.35 05.39 05.27 05.18 05.34 05.59 05.81 09.62 11.13 11.95 12.41 12.38 12.52 12.74 12.95 13.03 12.76 13.04 13.17 13.48 13.86
-1.00 -1.00 -1.00 -1.00 -1.00 -1.00 -1.00 -1.00 -1.00 -1.00 -1.00 -1.00 -1.00 -1.00 -1.00 -1.00 00.49 00.40 00.08 -1.00 -1.00 -1.00 -1.00 -1.00 -1.00 -1.00 -1.00 -1.00 -1.00 02.78 04.79 05.20 07.84 -1.00 -1.00 -1.00 -1.00 04.27 04.34 04.36 04.38 04.44 04.50 04.51 04.52 04.57 04.65 04.72 04.81 04.91 04.95 04.98 05.02 05.11 05.24 05.33 05.35 05.28 05.33 05.41 06.67 08.95 10.14 10.75 11.14 11.41 11.61 11.76 11.86 11.96 12.06 12.09 12.36 12.64 12.86 13.04 13.31
-1.00 -1.00 -1.00 -1.00 -1.00 -1.00 -1.00 -1.00 -1.00 -1.00 -1.00 -1.00 -1.00 -1.00 -1.00 -1.00 00.54 00.53 00.79 02.74 -1.00 -1.00 -1.00 -1.00 -1.00 -1.00 -1.00 -1.00 -1.00 -1.00 -1.00 -1.00 -1.00 -1.00 -1.00 -1.00 -1.00 00.36 04.40 04.52 04.48 04.52 04.58 04.62 04.66 04.69 04.74 04.78 04.87 04.98 05.04 05.08 05.11 05.16 05.28 05.40 05.38 05.42 07.66 08.62 09.05 09.49 09.97 10.33 10.65 10.71 10.82 10.96 11.08 11.14 11.20 11.33 11.60 11.71 11.92 11.97 12.09
-1.00 -1.00 -1.00 -1.00 -1.00 -1.00 -1.00 -1.00 -1.00 -1.00 -1.00 -1.00 -1.00 -1.00 -1.00 -1.00 00.50 02.24 02.59 02.40 00.52 -1.00 -1.00 -1.00 -1.00 -1.00 -1.00 -1.00 -1.00 -1.00 -1.00 -1.00 -1.00 -1.00 -1.00 -1.00 07.43 01.52 03.09 04.56 04.59 04.62 04.66 04.71 04.76 04.82 04.85 04.87 04.91 05.02 05.13 05.15 05.17 05.24 05.70 07.89 08.88 09.48 09.19 09.18 08.87 09.24 09.22 09.20 09.51 09.75 09.95 10.11 10.30 10.59 10.82 11.05 11.13 11.17 11.28 11.50 11.69
-1.00 -1.00 -1.00 -1.00 -1.00 -1.00 -1.00 -1.00 -1.00 -1.00 -1.00 -1.00 -1.00 -1.00 -1.00 00.10 00.53 02.03 02.54 02.65 00.52 01.61 -1.00 -1.00 -1.00 -1.00 -1.00 -1.00 -1.00 -1.00 -1.00 -1.00 -1.00 -1.00 -1.00 -1.00 06.96 06.21 05.63 05.13 04.74 04.75 04.75 04.77 04.81 04.85 04.90 04.95 05.00 05.13 06.36 07.25 08.08 08.67 09.07 09.38 09.49 09.28 09.22 09.35 09.10 09.07 08.84 08.39 08.69 08.81 09.14 09.56 09.80 09.97 10.11 10.35 10.40 10.54 10.61 10.73 11.03
-1.00 -1.00 -1.00 -1.00 -1.00 -1.00 -1.00 -1.00 -1.00 -1.00 -1.00 -1.00 -1.00 -1.00 -1.00 00.46 00.55 01.87 02.25 01.86 01.60 00.88 -1.00 -1.00 -1.00 -1.00 -1.00 -1.00 -1.00 -1.00 -1.00 -1.00 -1.00 -1.00 -1.00 -1.00 06.62 06.27 06.47 06.72 06.87 06.98 07.05 07.11 07.16 07.29 07.48 07.75 08.00 08.21 08.35 08.50 08.64 08.87 09.09 09.28 09.48 09.75 09.69 09.76 09.66 09.76 09.75 09.43 08.77 08.47 08.85 09.13 09.34 09.52 09.67 09.84 09.97 10.13 10.33 10.55 10.73
-1.00 -1.00 -1.00 -1.00 -1.00 -1.00 -1.00 -1.00 -1.00 -1.00 -1.00 -1.00 -1.00 -1.00 -1.00 00.46 01.25 01.78 01.96 01.07 01.43 01.12 00.07 03.04 06.55 02.05 07.57 05.94 01.47 03.22 12.57 -1.00 -1.00 -1.00 -1.00 -1.00 06.28 06.34 06.46 06.68 06.89 07.05 07.23 07.40 07.49 07.53 07.75 07.98 08.20 08.36 08.38 08.45 08.61 08.77 08.90 09.00 09.09 09.38 09.55 09.79 09.41 09.59 09.82 10.32 10.73 11.17 08.38 08.61 08.92 09.24 08.80 09.11 09.25 09.55 09.74 09.19 08.03
-1.00 -1.00 -1.00 -1.00 -1.00 -1.00 -1.00 -1.00 -1.00 -1.00 -1.00 -1.00 -1.00 -1.00 -1.00 00.47 01.53 01.70 01.81 01.00 01.87 03.83 00.59 05.07 07.65 03.36 06.67 07.16 07.14 04.21 06.47 -1.00 -1.00 -1.00 -1.00 -1.00 -1.00 03.56 06.36 06.63 06.80 06.93 07.09 07.25 07.41 07.50 07.62 07.81 08.00 08.16 08.30 08.29 08.35 08.52 08.69 08.68 08.86 09.05 09.26 09.38 09.53 09.62 10.30 11.10 11.10 11.12 02.02 01.73 01.57 02.43 05.62 07.42 07.91 08.30 08.46 08.85 09.58
-1.00 -1.00 -1.00 -1.00 -1.00 -1.00 -1.00 -1.00 -1.00 -1.00 -1.00 -1.00 -1.00 -1.00 00.06 00.46 01.34 01.59 01.65 00.95 01.33 05.15 02.13 05.46 05.57 05.81 05.88 06.32 06.25 07.21 07.44 10.52 03.11 -1.00 -1.00 -1.00 -1.00 -1.00 00.19 05.04 06.74 06.91 07.05 07.15 07.25 07.37 07.49 07.62 07.75 07.90 08.07 08.22 08.25 08.31 08.39 08.47 08.59 08.85 09.10 09.35 09.00 08.96 09.38 07.89 02.21 01.95 01.83 01.76 01.63 01.87 04.66 06.69 07.10 07.50 07.91 08.36 08.77
-1.00 -1.00 -1.00 -1.00 -1.00 -1.00 -1.00 -1.00 -1.00 -1.00 -1.00 -1.00 -1.00 00.48 00.21 00.44 00.58 01.53 01.54 00.90 01.28 05.14 04.77 04.96 05.14 05.48 05.37 05.55 06.04 06.47 07.13 09.38 02.78 09.49 01.89 17.02 -1.00 -1.00 05.99 03.47 06.42 06.72 07.00 07.09 07.19 07.28 07.40 07.51 07.64 07.76 07.91 08.09 08.26 08.27 08.28 08.35 08.41 08.49 08.58 08.84 08.96 08.98 08.33 02.45 02.39 02.22 02.11 01.86 01.60 01.36 01.86 05.90 06.67 07.17 07.57 07.96 05.94
-1.00 -1.00 -1.00 -1.00 -1.00 -1.00 -1.00 -1.00 -1.00 -1.00 -1.00 -1.00 00.15 00.49 00.22 00.42 00.57 01.47 01.50 00.87 01.24 04.48 04.68 04.66 04.97 05.08 05.10 05.34 05.47 05.83 06.23 07.90 04.82 08.20 04.65 07.02 01.15 -1.00 05.92 05.46 05.88 05.24 02.68 01.95 01.95 01.96 01.94 01.91 03.08 04.51 07.04 07.62 07.86 08.13 08.11 08.11 08.13 08.23 08.42 08.48 08.52 08.44 06.54 02.35 02.75 02.41 02.34 02.38 01.18 01.48 02.62 05.26 06.37 06.81 07.28 07.80 08.36
-1.00 -1.00 -1.00 -1.00 -1.00 -1.00 -1.00 -1.00 -1.00 -1.00 -1.00 -1.00 00.45 00.49 00.43 00.39 00.96 01.54 01.46 00.84 01.18 04.36 04.50 04.49 04.90 04.97 05.01 05.14 05.22 05.40 05.53 06.06 06.20 06.18 07.17 04.85 12.48 00.99 03.97 05.11 03.57 02.38 01.88 01.82 01.81 01.80 01.75 01.64 02.84 06.38 06.86 07.34 07.54 07.74 07.93 08.01 08.06 08.08 07.81 07.79 07.74 07.99 03.77 02.33 02.54 02.99 04.81 04.32 03.15 09.15 03.74 05.66 06.17 06.72 07.02 07.16 07.54
-1.00 -1.00 -1.00 -1.00 -1.00 -1.00 -1.00 -1.00 -1.00 -1.00 -1.00 -1.00 00.70 00.79 00.68 00.88 04.48 04.15 01.34 00.81 00.84 04.25 04.37 04.38 04.82 04.86 04.92 04.99 05.06 05.05 05.18 05.28 05.46 05.45 05.72 07.49 04.92 03.48 05.48 03.88 02.62 01.96 02.10 01.96 01.78 01.79 01.81 01.58 01.60 05.96 06.22 06.50 06.82 07.14 07.25 07.31 07.35 07.40 07.46 07.53 07.65 07.90 02.03 02.58 03.97 04.86 08.43 04.36 07.69 19.20 05.36 05.80 06.05 06.37 06.68 06.95 07.48
-1.00 -1.00 -1.00 -1.00 -1.00 -1.00 -1.00 00.13 00.78 00.28 -1.00 00.48 00.70 01.92 00.97 00.80 02.63 04.87 02.38 02.73 00.81 01.15 04.23 04.33 04.39 04.78 04.85 04.90 04.97 04.98 04.77 04.79 04.85 04.95 04.93 05.92 06.85 06.73 05.63 03.18 01.86 01.99 02.06 02.13 01.80 01.87 01.86 01.57 01.56 01.60 05.10 06.45 06.71 06.93 07.12 07.19 07.26 07.31 07.40 07.64 07.42 05.98 05.50 07.91 14.62 07.69 14.19 06.20 12.99 25.52 05.66 08.50 06.02 06.29 06.57 06.90 07.25
-1.00 -1.00 -1.00 -1.00 -1.00 -1.00 00.81 00.65 00.79 00.74 00.71 00.70 00.71 02.30 01.03 00.48 01.15 04.25 03.74 02.78 00.81 01.05 03.89 04.27 04.30 04.71 04.76 04.79 04.88 04.93 04.49 04.53 04.57 04.61 04.65 04.75 05.66 04.47 06.12 04.85 02.02 01.57 01.51 01.46 01.39 01.32 01.25 01.21 01.58 01.57 01.60 01.63 01.67 02.87 04.84 06.72 06.99 07.21 07.32 07.57 08.25 09.17 10.68 10.02 11.21 04.15 17.32 12.07 20.67 13.89 10.98 07.44 04.85 04.96 05.15 05.36 05.51
-1.00 -1.00 -1.00 -1.00 -1.00 -1.00 00.26 00.95 00.83 00.78 00.72 00.70 00.66 01.96 01.07 00.72 01.04 04.71 01.68 01.92 00.94 01.07 01.20 04.17 04.22 04.64 04.68 04.73 04.81 04.81 04.90 04.28 04.33 04.41 04.44 04.53 04.59 03.61 02.26 01.63 01.50 01.55 01.48 01.44 01.39 01.78 01.68 01.16 01.18 01.21 01.61 01.62 01.61 03.83 05.84 06.40 06.75 06.95 07.17 07.44 07.71 08.14 08.53 08.93 09.24 11.55 13.35 14.17 11.54 09.35 08.21 08.19 08.43 04.71 04.90 05.08 05.31
-1.00 -1.00 -1.00 -1.00 -1.00 -1.00 -1.00 00.98 00.87 00.80 00.74 00.70 00.67 02.26 01.07 00.68 00.83 03.26 01.52 02.02 00.88 02.20 02.68 04.11 04.15 04.20 04.63 04.68 04.74 04.75 04.75 04.87 04.22 04.27 04.34 04.44 04.57 04.84 05.11 02.97 01.68 01.65 01.85 02.60 02.51 02.45 02.33 01.48 01.12 01.15 01.20 01.20 01.20 01.57 02.37 04.66 06.48 06.80 07.10 07.10 06.99 06.90 07.24 07.87 08.80 09.29 09.97 08.65 07.99 08.30 08.41 08.50 08.19 08.57 05.75 04.90 05.27
