Assets/WUInity/Farsite/test_dataset/Ashley/output/test.hpa
NCOLS 382
NROWS 266
XLLCORNER 157819.328125
YLLCORNER 384678.625000
CELLSIZE 30.000000
NODATA_VALUE -1
[rows 156 to 181 of 266, columns 300 to 359 of 382]
04970.574 04778.254 04197.244 03831.432 04171.900 01915.491 02448.491 01744.588 01702.553 01521.496 01000.228 01755.027 01839.195 01964.632 01981.340 01999.654 02039.106 02047.103 02004.274 01967.247 -0001.000 -0001.000 -0001.000 -0001.000 -0001.000 -0001.000 -0001.000 -0001.000 01961.830 02036.144 01943.118 01916.341 01865.341 01808.850 05982.566 10687.934 12470.360 12913.138 13059.989 13256.390 13438.619 13598.973 13782.907 13870.849 13846.051 12897.260 -0001.000 -0001.000 -0001.000 -0001.000 -0001.000 -0001.000 -0001.000 -0001.000 -0001.000 -0001.000 -0001.000 -0001.000 -0001.000 -0001.000
03572.449 01820.257 01798.083 01789.833 01777.544 01751.257 01740.051 01660.951 01304.607 01272.855 01718.332 01776.495 01814.974 01895.726 02017.035 02034.986 02023.773 02010.369 01932.770 -0001.000 -0001.000 -0001.000 -0001.000 -0001.000 -0001.000 -0001.000 01905.603 02039.495 01945.744 01818.177 01786.220 01783.280 03803.673 03866.865 04114.922 04740.059 05078.614 12822.858 13039.272 13168.072 13372.889 13517.130 13816.652 13913.282 13941.403 06942.201 -0001.000 -0001.000 -0001.000 -0001.000 -0001.000 -0001.000 -0001.000 -0001.000 -0001.000 -0001.000 -0001.000 -0001.000 -0001.000 -0001.000
01796.321 01787.698 01768.552 01756.015 01712.837 01625.176 01288.321 01101.978 01678.369 01771.707 01806.101 01849.679 01899.165 01977.262 02032.510 02055.616 01988.877 -0001.000 -0001.000 -0001.000 -0001.000 -0001.000 -0001.000 -0001.000 -0001.000 02026.818 01970.047 01843.733 01784.213 03279.915 03489.065 03359.588 03329.138 03299.529 04216.401 04561.776 05041.886 12793.205 12978.415 13102.589 13306.489 13552.732 13859.692 13919.772 13962.619 01900.724 -0001.000 -0001.000 -0001.000 -0001.000 -0001.000 -0001.000 -0001.000 -0001.000 -0001.000 -0001.000 -0001.000 -0001.000 -0001.000 -0001.000
01678.805 01728.940 01700.281 01295.316 01489.334 01701.968 01744.682 01773.233 01801.658 01851.337 01895.892 01955.460 02005.701 02050.859 02047.332 02011.480 -0001.000 -0001.000 -0001.000 -0001.000 -0001.000 -0001.000 -0001.000 01987.024 01984.539 01829.723 01792.492 01758.940 02632.557 02857.612 03230.913 03575.789 03577.444 03430.933 04095.118 04604.767 04998.283 09891.387 12908.428 13057.625 13335.639 13581.967 13809.731 13918.825 09618.226 -0001.000 -0001.000 -0001.000 -0001.000 -0001.000 -0001.000 -0001.000 -0001.000 -0001.000 -0001.000 -0001.000 -0001.000 -0001.000 -0001.000 -0001.000
01679.997 01549.212 01428.084 01322.202 01760.091 01808.702 01831.630 01872.878 01928.470 01981.332 02005.691 02038.157 02055.590 02023.471 01963.434 -0001.000 -0001.000 -0001.000 -0001.000 -0001.000 -0001.000 -0001.000 02041.932 01867.915 01717.822 03579.425 03780.268 03837.051 03962.806 03687.666 03191.956 03596.656 03471.505 03514.050 04084.540 04643.742 05012.793 07160.052 12862.489 13075.955 13367.042 13528.446 13731.551 13904.703 02004.982 -0001.000 -0001.000 -0001.000 -0001.000 -0001.000 -0001.000 -0001.000 -0001.000 -0001.000 -0001.000 -0001.000 -0001.000 -0001.000 -0001.000 -0001.000
01876.866 01810.483 01792.508 01789.542 01776.892 01770.242 01769.375 01795.217 01832.838 01842.424 01847.946 01869.047 01954.707 02011.187 02062.236 02038.957 02007.209 02005.310 02040.667 02031.379 02029.220 02027.559 01818.035 01294.982 01486.539 00289.174 01847.095 02723.797 03453.302 03932.063 03581.255 03638.214 03163.459 03302.717 04061.843 04642.733 05041.078 05408.423 12856.520 13107.321 13297.576 13476.134 13677.848 02059.273 -0001.000 -0001.000 -0001.000 -0001.000 -0001.000 -0001.000 -0001.000 -0001.000 -0001.000 -0001.000 -0001.000 -0001.000 -0001.000 -0001.000 -0001.000 -0001.000
01493.048 01516.332 01526.742 01686.861 01742.084 01747.541 01740.381 01674.351 01628.122 01593.060 01458.877 00894.857 01674.168 01785.916 01854.452 01950.980 01958.014 01851.691 01797.412 01822.948 01850.429 01799.504 01220.746 01753.264 01991.614 02064.446 01982.477 02855.326 02878.568 03428.734 03978.164 03764.855 02844.104 03194.584 04078.891 04641.468 05066.362 05196.520 12852.102 13041.086 13197.392 13114.766 08072.312 02001.957 01946.497 -0001.000 -0001.000 -0001.000 -0001.000 -0001.000 -0001.000 -0001.000 -0001.000 -0001.000 -0001.000 -0001.000 -0001.000 -0001.000 -0001.000 -0001.000
01808.591 01789.945 01798.532 01808.340 01838.987 01837.080 01828.685 01819.249 01809.294 01800.727 01787.542 01773.167 01740.966 01604.919 00571.066 01611.987 00981.984 00946.661 01129.240 01372.091 01623.304 01129.527 01752.772 03620.192 03600.840 02716.599 02387.530 02361.541 03138.873 03137.609 03845.710 03929.574 02786.032 03238.929 04091.369 04808.339 05096.779 05187.721 11594.432 12952.494 13093.443 10229.241 02104.593 02094.556 02038.944 01941.927 -0001.000 -0001.000 -0001.000 -0001.000 -0001.000 -0001.000 -0001.000 -0001.000 -0001.000 -0001.000 -0001.000 -0001.000 -0001.000 -0001.000
01917.215 01889.455 01897.017 01923.428 05269.200 04342.672 01936.000 01923.622 01905.977 01884.376 01861.263 01843.945 01826.443 01804.551 01778.406 01770.216 01782.897 01782.172 01766.639 01747.114 01745.441 01779.524 03556.151 04244.585 03708.124 03227.929 02660.837 01293.579 02734.917 03060.482 03650.672 04157.222 02944.604 02856.005 04434.344 04963.576 05061.253 05140.355 07502.697 12860.675 11350.343 05327.476 02079.234 02083.559 02078.818 01986.810 -0001.000 -0001.000 -0001.000 -0001.000 -0001.000 -0001.000 -0001.000 -0001.000 -0001.000 -0001.000 -0001.000 -0001.000 -0001.000 -0001.000
02007.547 02006.642 02008.723 02026.367 05374.613 05452.739 05244.945 05396.413 04775.101 05183.823 05306.984 05364.366 04368.560 05103.517 01857.200 01877.466 05180.075 04846.137 01843.150 01818.743 04125.488 04730.591 04117.055 04420.060 03934.501 03508.127 03056.826 02721.378 01344.849 03135.189 03994.721 04169.979 02996.264 03702.708 04526.792 04928.431 05028.425 05119.049 05642.193 05611.876 07157.368 01940.157 01999.713 02024.347 02084.453 02060.399 01989.348 01921.104 -0001.000 -0001.000 -0001.000 -0001.000 -0001.000 -0001.000 -0001.000 -0001.000 -0001.000 -0001.000 -0001.000 -0001.000
05182.413 05481.207 04890.580 05388.227 05484.128 05452.357 05432.041 05416.892 05312.904 05378.397 05367.988 05360.133 05096.265 05288.555 05233.683 05141.223 05198.877 05206.608 05182.423 05177.548 05055.746 04883.137 04685.559 04473.908 04151.826 03781.112 03506.871 03392.936 00683.104 03112.541 04051.105 04124.377 03091.669 03565.560 04354.905 04896.041 04978.002 05131.534 05165.606 05690.484 05293.814 04950.824 05008.005 01976.335 02068.558 02106.634 02088.300 02066.011 02004.922 -0001.000 -0001.000 -0001.000 -0001.000 -0001.000 -0001.000 -0001.000 -0001.000 -0001.000 -0001.000 -0001.000
05498.321 05389.462 05495.688 05494.512 05480.536 05469.676 05456.074 05425.298 05391.966 05375.431 05365.033 05352.511 05295.705 05281.672 05261.256 05229.484 05233.881 05230.917 05218.959 05196.168 05158.161 05026.307 04776.666 04725.545 04288.631 04050.309 03818.164 03387.577 02092.980 03033.495 03993.272 03866.380 02662.348 03272.176 03895.232 04783.581 04929.993 05084.418 05129.307 05249.690 05302.263 05350.779 05367.754 02751.955 02013.574 02082.477 02158.151 02147.531 02067.499 01936.027 -0001.000 -0001.000 -0001.000 -0001.000 -0001.000 -0001.000 -0001.000 -0001.000 -0001.000 -0001.000
05521.502 05519.141 05505.270 05493.637 05487.027 05475.298 05459.065 05440.628 05390.501 05368.268 05353.740 05322.951 05313.477 05279.225 05264.210 05253.145 05252.786 05247.330 05203.488 05196.746 05139.603 05076.650 04893.314 04863.697 04469.295 04285.213 03827.798 03271.364 02215.504 02885.799 03996.103 03646.082 03756.289 03549.617 04165.346 04664.846 04846.644 05049.535 05152.793 05255.619 05329.822 05358.706 05372.189 04878.633 01962.538 02049.746 02074.608 02135.429 02132.234 02004.018 -0001.000 -0001.000 -0001.000 -0001.000 -0001.000 -0001.000 -0001.000 -0001.000 -0001.000 -0001.000
05526.167 05526.902 05505.383 05486.801 05473.677 05465.222 05453.201 05417.879 05368.282 05365.393 05344.157 05317.525 05302.977 05283.352 05268.662 05272.950 05255.714 05232.142 05200.736 05173.807 05119.019 05048.200 04991.666 04876.601 04635.158 04296.977 03751.359 03245.962 02139.418 02676.738 03825.352 04207.505 04227.528 03878.173 04160.244 04595.212 04860.042 05037.296 05175.067 05260.576 05336.932 05362.263 05380.311 05347.424 01955.043 02064.959 02085.447 02120.405 02125.748 02002.852 -0001.000 -0001.000 -0001.000 -0001.000 -0001.000 -0001.000 -0001.000 -0001.000 -0001.000 -0001.000
05535.411 05512.726 05492.465 05475.237 05462.581 05446.041 05435.413 05439.335 05404.261 05345.132 05337.544 05309.293 05294.728 05278.649 05275.746 05276.286 05230.975 05217.109 05185.817 05156.795 05101.650 05039.969 04970.837 04889.289 04690.157 04240.543 03729.945 03211.219 01838.571 02841.423 04117.814 04486.889 04365.743 04012.160 04448.039 04598.903 04873.048 05036.263 05197.674 05278.098 05342.293 05366.940 05247.275 01920.531 02069.976 02112.014 02119.489 02099.040 02043.482 -0001.000 -0001.000 -0001.000 -0001.000 -0001.000 -0001.000 -0001.000 -0001.000 -0001.000 -0001.000 -0001.000
05512.248 05483.543 05479.088 05461.986 05440.518 05448.934 05461.268 05443.811 05397.825 05371.990 05338.671 05310.676 05285.831 05276.367 05278.681 05275.852 05224.771 05202.561 05170.379 05141.746 05087.108 05032.498 04955.747 04847.228 04659.557 04189.917 03664.973 03090.732 01862.514 02790.640 04296.832 04625.056 04562.531 04329.670 04659.271 04694.026 04972.032 05028.403 05226.155 05311.551 05348.585 05365.442 05312.915 01932.450 02043.078 02096.043 02118.693 02083.410 02038.830 -0001.000 -0001.000 -0001.000 -0001.000 -0001.000 -0001.000 -0001.000 -0001.000 -0001.000 -0001.000 -0001.000
05478.698 05483.951 05461.808 05450.117 05455.498 05455.345 05452.861 05432.296 05402.929 05390.294 05348.203 05326.043 05291.125 05268.014 05286.039 05287.355 05223.935 05193.400 05159.104 05127.350 05076.757 05015.200 04925.910 04818.656 04602.693 04142.280 03627.004 02946.418 02991.551 03543.626 04385.882 04516.113 04424.974 04506.842 04575.849 04673.712 05010.333 05137.508 05272.270 05330.004 05348.030 05053.950 05057.137 01914.809 02032.810 02086.308 02111.145 02091.244 02046.322 01918.547 -0001.000 -0001.000 -0001.000 -0001.000 -0001.000 -0001.000 -0001.000 -0001.000 -0001.000 -0001.000
05454.304 05441.856 05448.873 05460.894 05463.270 05443.998 05439.224 05428.850 05409.615 05388.398 05376.429 05334.997 05302.072 05282.991 05296.463 05300.468 05239.430 05194.923 05164.037 05115.154 05054.458 04971.403 04884.557 04752.698 04484.927 04022.997 03568.018 02599.661 03208.902 03948.030 04554.610 04535.322 04722.229 04781.240 04699.647 04807.392 05054.498 05198.051 05290.597 05329.830 05325.792 04787.841 01837.861 01900.070 02009.819 02067.544 02092.476 02098.030 02102.280 02044.290 01987.423 -0001.000 -0001.000 -0001.000 -0001.000 -0001.000 -0001.000 -0001.000 -0001.000 -0001.000
05444.996 05451.180 05468.545 05476.668 05449.804 05426.908 05411.247 05424.561 05424.481 05406.537 05360.067 05345.424 05315.288 05308.032 05312.237 05288.546 05263.021 05186.550 05189.566 05087.056 05039.710 04924.493 04820.434 04685.536 04338.848 03922.369 03361.093 02016.573 03445.996 04032.661 04239.547 04331.474 04756.910 04849.808 04913.883 04953.949 05141.455 05259.596 05293.172 05287.763 04931.851 04576.892 03993.316 04043.863 01870.383 01923.026 01971.318 02025.934 02056.499 02088.119 02108.325 02063.956 01915.302 -0001.000 -0001.000 -0001.000 -0001.000 -0001.000 -0001.000 -0001.000
05440.761 05457.353 05450.343 05445.698 05430.122 05417.925 05412.082 05415.093 05411.801 05404.080 05356.329 05351.866 05331.786 05322.059 05322.141 05295.324 05258.715 05209.795 05186.886 05123.107 04952.352 04871.661 04736.752 04531.723 04333.881 03730.288 03159.137 02403.790 03803.653 04098.115 03928.238 04116.162 04529.635 04875.328 05048.264 05024.865 05211.167 05211.584 05295.447 04916.963 04293.356 04160.293 03968.890 04161.530 04417.374 04211.910 01849.874 01878.484 01909.216 01953.476 02067.464 02072.720 02076.446 02075.068 02052.392 -0001.000 -0001.000 -0001.000 -0001.000 -0001.000
05448.078 05436.304 05442.965 05427.719 05413.632 05408.500 05410.325 05419.411 05409.672 05398.479 05381.738 05360.851 05352.876 05328.042 05321.944 05296.366 05248.500 05231.717 05184.320 05067.828 04952.505 04781.284 04671.319 04550.923 04110.242 03716.395 02937.136 02941.580 02321.051 03725.002 03615.490 04140.708 04237.698 04908.362 05074.726 05113.836 05222.367 05279.295 04766.761 03991.403 03957.437 03819.170 03905.796 04081.382 04344.220 04491.157 04593.360 04796.605 04932.637 01931.384 02002.274 02034.323 01960.974 05816.051 04409.788 05294.107 -0001.000 -0001.000 -0001.000 -0001.000
05465.290 05442.100 05429.972 05427.398 05387.156 05412.486 05412.792 05413.320 05402.924 05404.683 05396.962 05372.360 05349.159 05337.806 05313.829 05280.622 05245.235 05199.412 05139.835 05046.778 04966.427 04876.560 04766.320 04296.440 03959.776 03634.382 03252.086 02099.329 02619.340 03113.173 03776.041 04150.140 04394.520 04859.043 05109.322 05202.206 04906.678 04886.673 04254.004 04147.293 03959.125 03958.630 04056.678 04287.741 04443.080 04582.332 04764.777 04906.038 05019.227 05175.502 05197.004 02001.731 05606.422 05926.271 05892.612 05859.995 05850.256 05721.887 -0001.000 -0001.000
05468.401 05449.390 05418.162 05408.696 05403.711 05418.141 05429.641 05415.831 05406.342 05396.222 05399.555 05370.939 05346.820 05324.548 05290.148 05253.005 05208.944 05150.558 05080.791 04999.818 04889.869 04762.799 04566.349 04294.625 04166.717 03935.056 03613.288 03227.795 02801.103 02812.427 04117.595 04365.604 04546.806 04901.826 05045.320 04831.458 04524.542 04341.378 04453.108 04336.780 04081.177 04124.416 04272.632 04426.461 04573.058 04684.394 04866.401 05096.686 05230.342 05488.339 05651.890 05438.776 05858.063 05904.338 05949.082 05935.475 05797.521 05731.389 05922.913 05977.307
05491.554 05446.079 05411.550 05410.076 01030.829 01051.204 01743.924 05416.910 05409.230 05383.571 05371.199 05347.025 05341.814 05296.506 05252.236 05207.554 05150.860 05083.020 05012.253 04906.427 04740.465 04649.379 04529.833 04415.278 04180.893 03988.623 03736.090 03301.309 02909.509 01792.034 04259.244 04672.994 04869.699 04755.267 04719.363 04581.233 04278.016 04357.383 04483.599 04057.000 04307.206 04340.196 04479.938 04581.840 04742.176 05004.908 05219.026 05208.363 05406.220 05626.693 05776.918 05776.804 05870.728 05870.782 05944.356 05866.302 05749.717 05781.019 05857.638 05923.335
05527.762 05441.359 05409.400 01027.350 01030.366 01050.533 01065.312 01075.327 05400.363 05361.722 05352.096 05342.271 05293.145 05249.616 05198.529 05131.988 05044.913 04952.614 04853.219 04853.339 04797.945 04676.217 04527.739 04434.575 04267.970 04058.113 03803.684 03369.260 02893.969 03448.456 04309.354 04912.987 03915.796 01860.660 03831.839 04136.984 04197.825 04381.873 04036.188 04528.920 04382.699 04528.232 04570.915 04726.860 05228.277 05553.176 05778.650 05407.181 05609.278 05727.827 05796.472 05806.023 05822.383 05878.237 05874.538 05852.063 05766.621 05854.966 05927.032 05931.395
05551.438 01492.334 01027.823 01058.201 01036.993 01034.579 01076.002 05417.385 05374.526 05349.285 05322.821 05284.067 05246.209 05182.774 05125.961 05036.001 04941.991 04912.254 04912.818 04890.536 04826.869 04711.197 04625.489 04528.380 04374.586 04171.307 03863.548 03136.711 02136.592 03920.559 04735.783 01835.153 02004.808 02141.275 02152.782 01873.039 01841.199 01849.649 04370.114 04437.750 04450.225 04544.358 04933.926 05540.826 05645.779 05779.288 05787.489 05643.923 05765.511 05778.013 05811.104 05824.538 05832.544 05877.723 05900.888 05813.687 05815.350 05878.998 05935.833 05975.986
