Assets/WUInity/Farsite/test_dataset/Ashley/output/test.rci
NCOLS 382
NROWS 266
XLLCORNER 157819.328125
YLLCORNER 384678.625000
CELLSIZE 30.000000
NODATA_VALUE -1
[rows 156 to 181 of 266, columns 300 to 359 of 382]
00602.660 00537.591 00592.458 00479.484 00348.659 00052.119 00337.355 00152.163 00140.683 00083.613 00090.919 00153.854 00156.720 00678.983 00473.054 00261.867 00629.124 00504.115 00367.001 00237.050 -0001.000 -0001.000 -0001.000 -0001.000 -0001.000 -0001.000 -0001.000 -0001.000 00611.204 00423.496 00212.358 00163.322 00156.038 00217.052 00147.024 00149.772 00154.582 00687.184 00709.864 00875.342 00614.945 00372.053 01010.982 00859.396 00745.580 00956.387 -0001.000 -0001.000 -0001.000 -0001.000 -0001.000 -0001.000 -0001.000 -0001.000 -0001.000 -0001.000 -0001.000 -0001.000 -0001.000 -0001.000
00452.831 00188.662 00122.373 00411.879 00277.489 00178.429 00261.600 00074.516 00099.859 00416.507 00146.817 00148.735 00163.223 00164.927 00401.144 00619.594 00367.793 00625.985 00505.408 -0001.000 -0001.000 -0001.000 -0001.000 -0001.000 -0001.000 -0001.000 00524.257 00309.842 00663.226 00452.472 00148.949 00154.873 00145.204 00151.351 00174.778 00149.832 00541.845 00461.900 00927.101 00673.448 00421.416 01011.819 00862.510 00724.885 00956.499 00715.174 -0001.000 -0001.000 -0001.000 -0001.000 -0001.000 -0001.000 -0001.000 -0001.000 -0001.000 -0001.000 -0001.000 -0001.000 -0001.000 -0001.000
00195.381 00379.161 00212.138 00144.728 00030.721 00069.069 00085.350 00254.305 00141.110 00146.426 00563.020 00158.686 00164.961 00421.490 00303.493 00196.861 00499.617 -0001.000 -0001.000 -0001.000 -0001.000 -0001.000 -0001.000 -0001.000 -0001.000 00353.012 00540.967 00238.985 00155.862 00143.908 00358.050 00169.260 00145.686 00321.955 00267.515 00517.947 00383.771 00189.801 00715.671 00766.773 00183.338 00631.355 00705.619 00988.869 00710.237 00308.383 -0001.000 -0001.000 -0001.000 -0001.000 -0001.000 -0001.000 -0001.000 -0001.000 -0001.000 -0001.000 -0001.000 -0001.000 -0001.000 -0001.000
00027.813 00117.296 00034.693 00061.902 00149.183 00141.898 00146.758 00146.898 00549.775 00157.714 00157.394 00582.491 00362.745 00185.187 00557.704 00441.704 -0001.000 -0001.000 -0001.000 -0001.000 -0001.000 -0001.000 -0001.000 00386.334 00670.625 00153.125 00153.459 00145.156 00142.385 00265.146 00286.743 00225.558 00418.760 00234.106 00464.552 00342.744 00184.336 00862.522 00493.223 00203.550 00646.359 00207.626 00948.082 00858.684 00802.782 -0001.000 -0001.000 -0001.000 -0001.000 -0001.000 -0001.000 -0001.000 -0001.000 -0001.000 -0001.000 -0001.000 -0001.000 -0001.000 -0001.000 -0001.000
00137.819 00337.936 00105.609 00453.598 00149.550 00149.693 00446.834 00158.709 00195.217 00604.205 00436.102 00306.360 00642.616 00523.849 00378.865 -0001.000 -0001.000 -0001.000 -0001.000 -0001.000 -0001.000 -0001.000 00600.975 00158.285 00140.055 00204.007 00381.549 00439.795 00399.614 00459.906 00275.150 00167.578 00269.761 00391.204 00289.841 00556.924 00451.335 00610.676 00242.341 00693.234 00239.304 00739.018 00465.214 00721.702 00331.172 -0001.000 -0001.000 -0001.000 -0001.000 -0001.000 -0001.000 -0001.000 -0001.000 -0001.000 -0001.000 -0001.000 -0001.000 -0001.000 -0001.000 -0001.000
00154.779 00150.956 00147.096 00152.075 00146.058 00151.722 00145.896 00153.049 00161.249 00155.065 00159.830 00154.319 00389.346 00564.975 00222.302 00393.700 00574.809 00412.862 00611.842 00280.305 00468.330 00674.624 00157.439 00052.099 00159.234 00020.880 00339.798 00209.891 00516.128 00507.452 00522.190 00383.768 00260.840 00232.613 00452.575 00376.439 00282.326 00232.123 00591.331 00952.254 00876.283 00412.817 00166.958 00398.067 -0001.000 -0001.000 -0001.000 -0001.000 -0001.000 -0001.000 -0001.000 -0001.000 -0001.000 -0001.000 -0001.000 -0001.000 -0001.000 -0001.000 -0001.000 -0001.000
00106.877 00062.955 00081.878 00048.407 00198.021 00298.890 00205.358 00055.729 00090.726 00036.375 00102.112 00179.414 00149.643 00149.681 00159.610 00260.115 00268.706 00159.103 00156.680 00154.034 00160.001 00153.749 00036.745 00286.146 00157.370 00116.447 00062.678 00382.791 00362.846 00495.789 00482.493 00283.058 00176.849 00336.744 00286.514 00209.922 00550.782 00349.773 00824.314 00924.400 00475.155 00961.329 00742.613 00595.076 00298.331 -0001.000 -0001.000 -0001.000 -0001.000 -0001.000 -0001.000 -0001.000 -0001.000 -0001.000 -0001.000 -0001.000 -0001.000 -0001.000 -0001.000 -0001.000
00048.280 00175.460 00086.713 00210.365 00341.820 00310.335 00397.260 00267.398 00449.034 00150.248 00080.468 00449.814 00205.227 00021.675 00030.818 00132.329 00030.578 00008.883 00066.791 00087.420 00505.900 00027.719 00305.073 00380.160 00477.860 00359.006 00260.130 00414.960 00434.732 00507.477 00521.601 00234.425 00266.525 00213.840 00474.155 00404.680 00245.290 00506.772 00272.631 00641.197 00457.481 00557.414 00409.640 00626.202 00407.262 00655.410 -0001.000 -0001.000 -0001.000 -0001.000 -0001.000 -0001.000 -0001.000 -0001.000 -0001.000 -0001.000 -0001.000 -0001.000 -0001.000 -0001.000
00148.010 00304.278 00562.164 00152.811 00480.132 00203.187 00157.904 00153.372 00155.726 00148.573 00625.097 00372.391 00240.917 00291.359 00418.316 00260.810 00083.079 00136.159 00088.554 00390.395 00209.504 00077.128 00195.698 00491.772 00361.817 00508.297 00408.627 00127.306 00434.478 00432.614 00561.689 00324.710 00160.831 00257.489 00243.618 00487.647 00483.562 00204.972 00777.233 00356.852 00637.476 00264.640 00175.144 00228.997 00548.155 00324.924 -0001.000 -0001.000 -0001.000 -0001.000 -0001.000 -0001.000 -0001.000 -0001.000 -0001.000 -0001.000 -0001.000 -0001.000 -0001.000 -0001.000
00163.393 00157.781 00162.776 00156.339 00159.269 00605.735 00157.489 00595.090 00158.378 00156.390 00154.231 00645.127 00156.126 00149.760 00209.488 00148.311 00146.562 00150.729 00449.541 00582.720 00250.833 00573.367 00288.094 00541.294 00422.551 00431.169 00555.088 00167.362 00192.460 00384.773 00526.189 00465.596 00267.104 00363.195 00224.181 00388.343 00184.187 00441.663 00393.731 00645.183 00575.052 00260.703 00163.825 00165.558 00679.539 00506.245 00223.720 00347.279 -0001.000 -0001.000 -0001.000 -0001.000 -0001.000 -0001.000 -0001.000 -0001.000 -0001.000 -0001.000 -0001.000 -0001.000
00343.448 00661.598 00164.635 00159.037 00574.784 00404.986 00487.662 00348.857 00155.157 00648.357 00526.027 00420.757 00153.727 00163.613 00474.212 00150.477 00540.244 00367.324 00211.709 00495.953 00167.809 00564.895 00616.616 00569.258 00605.028 00488.216 00510.771 00253.579 00026.467 00503.355 00518.265 00269.336 00229.125 00299.995 00351.482 00185.239 00371.720 00201.615 00485.025 00422.534 00592.513 00156.559 00187.627 00161.846 00367.801 00184.151 00356.966 00502.673 00599.816 -0001.000 -0001.000 -0001.000 -0001.000 -0001.000 -0001.000 -0001.000 -0001.000 -0001.000 -0001.000 -0001.000
00662.639 00483.613 00156.197 00488.275 00334.424 00298.826 00186.186 00579.441 00484.521 00379.506 00285.926 00252.897 00313.684 00512.727 00329.641 00612.747 00418.235 00237.011 00506.631 00236.214 00498.977 00281.106 00580.358 00598.382 00528.533 00407.197 00576.181 00332.487 00042.314 00428.809 00495.177 00445.422 00178.396 00271.895 00158.426 00312.210 00549.514 00378.009 00213.990 00514.831 00336.281 00378.910 00329.813 00168.628 00166.096 00283.267 00637.683 00246.424 00316.764 00343.681 -0001.000 -0001.000 -0001.000 -0001.000 -0001.000 -0001.000 -0001.000 -0001.000 -0001.000 -0001.000
00656.006 00486.483 00326.368 00195.935 00571.981 00441.683 00334.887 00247.938 00185.062 00556.620 00424.787 00526.998 00606.943 00389.290 00197.175 00462.689 00256.005 00507.075 00200.436 00472.909 00259.450 00541.615 00604.004 00588.961 00564.785 00227.814 00524.781 00163.498 00159.623 00511.985 00438.153 00437.202 00269.971 00404.832 00355.925 00413.656 00251.756 00540.445 00380.179 00226.611 00570.101 00245.350 00512.935 00298.861 00163.617 00515.052 00542.326 00509.028 00534.903 00554.381 -0001.000 -0001.000 -0001.000 -0001.000 -0001.000 -0001.000 -0001.000 -0001.000 -0001.000 -0001.000
00656.898 00590.678 00434.927 00287.380 00156.379 00550.332 00465.967 00396.195 00624.414 00174.280 00624.934 00248.634 00475.848 00263.149 00523.005 00287.397 00513.736 00180.515 00443.673 00235.611 00499.474 00355.771 00604.075 00600.685 00601.996 00405.930 00465.943 00234.887 00027.899 00430.438 00428.931 00246.336 00431.365 00263.149 00206.324 00524.558 00359.840 00216.499 00399.226 00440.914 00633.490 00453.683 00278.081 00568.721 00160.979 00345.474 00381.217 00330.134 00292.591 00272.009 -0001.000 -0001.000 -0001.000 -0001.000 -0001.000 -0001.000 -0001.000 -0001.000 -0001.000 -0001.000
00273.645 00641.177 00479.102 00354.987 00249.309 00165.747 00489.663 00250.871 00582.858 00187.706 00351.417 00565.763 00342.080 00605.619 00330.512 00546.489 00198.365 00431.594 00214.535 00456.327 00267.617 00581.281 00613.762 00617.551 00576.476 00389.580 00549.812 00358.878 00068.978 00388.629 00357.170 00393.000 00212.936 00457.770 00404.621 00539.220 00390.324 00562.675 00303.029 00553.344 00382.970 00210.281 00469.667 00160.938 00616.207 00420.076 00246.467 00614.076 00555.530 -0001.000 -0001.000 -0001.000 -0001.000 -0001.000 -0001.000 -0001.000 -0001.000 -0001.000 -0001.000 -0001.000
00464.218 00392.891 00540.871 00438.689 00274.435 00487.518 00174.579 00524.779 00368.529 00439.455 00168.498 00428.805 00204.164 00406.777 00602.948 00265.001 00437.472 00207.970 00404.346 00202.126 00493.554 00622.083 00625.650 00597.768 00596.959 00506.633 00469.359 00223.081 00216.284 00538.661 00414.468 00531.422 00410.653 00307.428 00236.825 00547.295 00367.749 00599.633 00467.961 00298.624 00614.747 00397.269 00159.645 00159.267 00251.173 00284.160 00319.835 00415.608 00311.793 -0001.000 -0001.000 -0001.000 -0001.000 -0001.000 -0001.000 -0001.000 -0001.000 -0001.000 -0001.000 -0001.000
00232.884 00214.042 00625.332 00415.491 00339.099 00622.548 00464.584 00284.208 00598.633 00305.612 00532.334 00288.649 00502.926 00179.018 00452.726 00473.599 00203.836 00344.236 00590.415 00392.218 00232.454 00609.986 00612.361 00614.742 00563.944 00534.363 00522.196 00092.979 00367.700 00457.065 00253.434 00269.370 00210.853 00528.699 00375.477 00188.810 00494.704 00359.494 00204.500 00485.764 00269.130 00334.274 00402.728 00161.150 00459.116 00494.152 00536.633 00547.470 00542.070 00191.144 -0001.000 -0001.000 -0001.000 -0001.000 -0001.000 -0001.000 -0001.000 -0001.000 -0001.000 -0001.000
00333.823 00247.857 00594.461 00356.869 00600.278 00402.594 00271.215 00297.217 00464.559 00615.430 00385.083 00636.003 00289.634 00499.312 00310.275 00172.875 00440.016 00470.674 00272.683 00575.411 00543.089 00623.857 00595.405 00590.555 00437.143 00574.158 00440.757 00213.266 00449.454 00546.550 00521.714 00401.386 00293.466 00242.421 00491.054 00370.622 00249.675 00549.902 00338.446 00610.279 00415.903 00214.539 00158.919 00163.513 00663.552 00226.141 00404.189 00695.121 00400.362 00605.075 00264.969 -0001.000 -0001.000 -0001.000 -0001.000 -0001.000 -0001.000 -0001.000 -0001.000 -0001.000
00614.674 00197.945 00376.329 00571.167 00349.861 00198.895 00528.622 00170.969 00263.199 00474.745 00231.967 00522.455 00572.983 00340.978 00172.689 00393.159 00324.875 00612.476 00367.194 00181.985 00611.595 00609.885 00608.161 00608.335 00526.314 00516.303 00232.902 00034.638 00439.645 00485.739 00364.061 00263.366 00158.345 00427.547 00281.745 00156.816 00417.006 00194.537 00524.297 00231.787 00579.382 00511.482 00431.111 00292.700 00159.906 00165.090 00181.611 00573.332 00244.180 00406.536 00540.819 00656.908 00471.737 -0001.000 -0001.000 -0001.000 -0001.000 -0001.000 -0001.000 -0001.000
00492.805 00279.104 00577.661 00273.036 00593.662 00427.946 00456.179 00345.081 00562.385 00318.620 00585.227 00400.919 00374.115 00172.721 00327.125 00154.033 00485.119 00365.635 00434.492 00612.050 00623.267 00591.075 00591.705 00374.019 00581.009 00577.958 00312.968 00353.290 00494.754 00539.525 00240.259 00486.678 00345.973 00211.727 00542.812 00422.223 00571.716 00402.563 00318.817 00409.616 00361.655 00345.304 00363.874 00380.142 00562.404 00151.822 00151.858 00157.164 00161.706 00165.997 00399.163 00641.608 00288.122 00542.461 00240.298 -0001.000 -0001.000 -0001.000 -0001.000 -0001.000
00657.272 00656.659 00400.209 00455.935 00291.596 00242.099 00481.610 00180.548 00394.450 00158.584 00449.035 00275.747 00645.682 00190.324 00489.876 00343.361 00232.733 00182.916 00566.742 00615.547 00605.327 00579.802 00558.289 00559.968 00533.067 00514.710 00115.707 00479.272 00277.877 00516.522 00433.301 00293.626 00507.791 00472.964 00367.761 00269.262 00274.524 00194.593 00570.182 00475.439 00466.051 00162.460 00173.304 00594.721 00627.698 00642.677 00554.570 00536.528 00432.369 00163.612 00341.715 00632.802 00162.658 00160.148 00158.078 00160.195 -0001.000 -0001.000 -0001.000 -0001.000
00659.900 00656.691 00234.647 00158.022 00542.455 00643.911 00323.324 00560.946 00213.982 00475.562 00288.525 00616.341 00342.014 00283.141 00170.740 00516.546 00401.091 00322.222 00627.580 00620.037 00613.590 00609.187 00578.450 00523.415 00484.309 00353.081 00070.398 00273.854 00330.244 00511.016 00450.467 00444.967 00359.656 00301.725 00205.705 00595.128 00409.670 00372.703 00322.684 00178.721 00218.125 00260.546 00489.346 00576.167 00589.658 00366.469 00357.984 00501.769 00219.134 00508.154 00351.209 00156.581 00158.279 00664.877 00416.435 00161.153 00629.436 00061.254 -0001.000 -0001.000
00658.966 00658.470 00549.721 00400.592 00446.897 00516.345 00602.409 00449.362 00315.932 00281.313 00567.347 00201.313 00546.254 00463.395 00182.358 00595.039 00531.407 00624.732 00617.767 00609.714 00599.398 00598.211 00577.844 00546.013 00258.905 00434.141 00162.658 00332.800 00380.186 00409.671 00535.576 00253.896 00195.255 00524.423 00404.805 00561.316 00531.201 00163.798 00206.842 00247.355 00299.929 00491.958 00539.018 00537.744 00181.889 00206.399 00401.508 00222.799 00548.236 00418.198 00242.299 00466.578 00505.270 00451.427 00312.206 00617.907 00420.553 00157.027 00021.472 00069.829
00660.006 00657.575 00344.392 00243.897 00503.298 00167.487 00410.800 00310.578 00202.404 00476.349 00434.843 00321.099 00259.033 00288.341 00237.178 00207.384 00629.902 00624.069 00617.898 00608.805 00599.765 00570.793 00568.626 00555.256 00222.156 00351.421 00415.916 00209.137 00429.857 00438.021 00533.384 00456.719 00395.633 00182.174 00228.996 00276.642 00345.779 00387.015 00413.901 00358.059 00540.798 00534.853 00632.583 00617.981 00256.831 00587.179 00619.338 00573.970 00437.950 00264.243 00602.897 00178.165 00654.236 00211.998 00538.514 00326.835 00662.526 00487.702 00168.929 00697.176
00659.029 00656.593 00487.227 00182.987 00537.782 00359.774 00551.950 00653.002 00485.774 00157.922 00563.176 00489.555 00458.778 00440.200 00418.099 00625.611 00617.812 00609.342 00500.039 00361.337 00498.693 00585.243 00581.684 00557.988 00498.369 00262.145 00255.308 00085.417 00363.782 00551.959 00251.577 00220.580 00206.894 00152.921 00192.354 00310.698 00160.052 00239.295 00200.173 00572.987 00633.055 00613.158 00566.770 00456.512 00623.240 00627.079 00645.098 00638.258 00272.335 00586.944 00629.056 00355.365 00648.256 00389.645 00193.429 00548.810 00358.846 00209.346 00556.678 00416.256
00667.374 00655.548 00438.174 00368.173 00258.480 00482.277 00215.745 00359.426 00374.207 00286.064 00222.245 00194.403 00197.335 00611.014 00621.445 00613.825 00606.224 00600.011 00606.505 00595.239 00376.380 00597.895 00575.118 00547.737 00546.136 00260.607 00089.001 00427.488 00186.918 00371.484 00439.978 00152.235 00164.057 00175.393 00175.205 00154.340 00155.266 00153.205 00342.847 00546.260 00634.432 00541.854 00633.051 00639.477 00662.670 00643.408 00679.532 00646.529 00584.553 00360.381 00241.006 00539.386 00205.455 00531.281 00359.837 00207.177 00515.152 00329.017 00198.258 00583.501
