Assets/WUInity/Farsite/test_dataset/Ashley/output/test.rci
NCOLS 382
NROWS 266
XLLCORNER 157819.328125
YLLCORNER 384678.625000
CELLSIZE 30.000000
NODATA_VALUE -1
[rows 234 to 259 of 266, columns 240 to 299 of 382]
00154.582 00154.193 00155.094 00154.672 00155.643 00155.277 00155.576 00154.983 00155.439 00155.912 00155.325 00156.198 00155.686 00156.205 00155.584 00156.104 00156.546 00156.965 00156.268 00156.795 00157.398 00157.937 00157.253 00157.813 00158.361 00158.861 00159.399 00158.520 00159.315 00270.866 00201.466 00647.872 00161.193 00162.041 00491.196 00671.053 00676.057 00675.736 00163.022 00191.344 00162.283 00161.104 00161.915 00160.864 00161.727 00162.583 00161.465 00162.591 00309.227 00164.403 00163.202 00165.775 00163.508 00165.534 00163.198 00165.675 00163.338 00165.641 00167.904 00165.113
00154.711 00155.538 00155.058 00155.860 00156.263 00156.453 00156.148 00156.498 00156.255 00155.845 00156.576 00156.181 00156.969 00156.412 00156.895 00156.300 00157.146 00156.811 00157.578 00157.052 00157.544 00158.064 00158.292 00159.042 00158.274 00158.810 00158.645 00159.566 00198.529 00540.742 00418.905 00323.898 00162.172 00162.964 00384.202 00200.001 00208.146 00676.238 00164.152 00162.263 00268.364 00161.570 00162.314 00163.083 00161.783 00189.690 00215.262 00162.698 00164.663 00163.219 00165.202 00164.831 00162.816 00164.945 00167.023 00164.455 00166.819 00164.447 00166.675 00164.076
00156.227 00155.590 00156.367 00155.887 00156.382 00156.918 00157.072 00157.012 00156.443 00157.145 00156.694 00157.433 00157.071 00157.992 00157.382 00157.898 00157.295 00158.042 00157.554 00158.287 00157.733 00158.511 00159.328 00158.732 00159.479 00158.857 00251.604 00176.787 00464.991 00281.021 00607.943 00161.049 00161.869 00162.588 00162.946 00164.012 00166.491 00325.406 00676.126 00163.095 00163.868 00162.472 00163.840 00162.978 00161.986 00163.707 00162.861 00164.385 00163.633 00165.769 00164.183 00165.778 00164.885 00164.121 00166.069 00168.055 00165.689 00168.108 00165.659 00167.805
00156.514 00156.925 00156.204 00156.832 00157.491 00157.183 00157.739 00158.279 00158.174 00157.570 00158.200 00157.642 00158.353 00157.965 00157.705 00158.264 00158.823 00158.153 00158.865 00158.259 00159.005 00159.739 00159.124 00160.024 00324.857 00334.468 00622.071 00415.345 00214.859 00160.701 00161.746 00162.785 00161.517 00280.373 00162.118 00163.480 00165.243 00165.113 00165.768 00164.231 00164.516 00163.010 00165.288 00163.290 00165.159 00163.427 00165.359 00163.826 00166.329 00165.017 00167.607 00165.121 00167.626 00167.222 00165.346 00167.361 00164.548 00166.944 00161.748 00052.596
00157.136 00157.791 00157.421 00157.073 00157.716 00158.467 00157.739 00158.438 00159.035 00157.941 00158.558 00159.191 00158.543 00159.277 00158.866 00158.501 00159.112 00159.730 00158.980 00159.744 00158.998 00241.672 00180.670 00460.136 00251.767 00536.205 00344.890 00641.949 00161.193 00162.334 00161.362 00162.321 00222.043 00162.660 00164.910 00166.868 00163.643 00164.413 00165.214 00167.869 00164.248 00167.651 00165.359 00167.614 00165.495 00163.228 00165.773 00163.401 00166.027 00163.675 00166.159 00168.605 00166.129 00168.645 00164.575 00166.303 00168.039 00165.738 00168.092 00139.397
00158.447 00157.946 00158.607 00158.294 00159.103 00158.468 00159.198 00158.495 00159.147 00159.894 00158.915 00159.563 00160.217 00159.463 00160.435 00233.676 00414.287 00314.188 00173.184 00462.874 00269.774 00559.080 00362.745 00168.892 00448.618 00161.714 00160.837 00161.854 00162.889 00161.905 00194.883 00162.167 00163.795 00165.563 00163.202 00165.127 00167.048 00163.773 00164.713 00167.227 00164.777 00167.244 00165.249 00167.279 00164.240 00165.812 00164.652 00166.975 00164.571 00167.082 00164.869 00167.238 00164.500 00166.912 00165.353 00165.783 00167.796 00169.793 00166.943 00168.839
00158.825 00158.131 00158.901 00159.693 00159.087 00159.912 00159.211 00159.984 00348.271 00394.812 00224.516 00475.223 00287.553 00575.576 00364.294 00632.981 00265.569 00507.349 00315.142 00607.781 00419.670 00233.826 00160.645 00161.582 00160.571 00161.629 00162.704 00161.606 00194.452 00185.421 00163.268 00165.463 00162.955 00164.255 00164.933 00163.704 00165.447 00167.195 00164.216 00165.787 00165.431 00166.884 00164.926 00166.036 00164.392 00166.228 00163.924 00166.099 00168.051 00165.887 00168.309 00165.758 00167.881 00165.241 00167.418 00168.788 00167.232 00169.188 00166.091 00167.910
00159.219 00159.817 00159.016 00172.501 00330.305 00312.686 00632.755 00447.106 00263.710 00566.228 00383.481 00581.952 00401.967 00222.672 00511.114 00306.938 00160.607 00160.372 00161.189 00162.015 00160.909 00161.812 00162.725 00161.612 00162.551 00161.362 00291.493 00163.680 00162.531 00163.690 00164.844 00164.210 00166.051 00163.469 00164.516 00165.472 00164.122 00165.223 00167.056 00168.397 00166.310 00166.569 00165.114 00166.121 00167.209 00165.616 00167.101 00165.254 00167.125 00168.582 00166.777 00168.518 00166.744 00168.676 00166.563 00169.937 00166.732 00168.651 00170.436 00167.384
00573.144 00394.734 00216.865 00501.517 00294.982 00565.594 00337.896 00605.954 00425.399 00161.756 00160.794 00161.797 00161.238 00161.993 00162.751 00161.627 00162.541 00161.885 00161.329 00162.203 00163.083 00161.832 00214.924 00167.815 00162.588 00163.655 00162.399 00163.608 00164.770 00163.416 00164.512 00163.216 00164.456 00165.535 00164.017 00165.090 00166.151 00164.571 00165.961 00167.453 00167.731 00166.582 00165.859 00166.461 00167.356 00165.531 00166.703 00167.871 00166.091 00167.402 00165.779 00167.460 00165.946 00168.022 00170.244 00168.879 00166.368 00167.942 00169.418 00166.991
00226.029 00512.629 00338.488 00164.882 00448.580 00161.771 00160.854 00161.905 00160.923 00161.847 00162.789 00161.637 00161.506 00180.153 00183.106 00301.533 00290.185 00193.853 00163.272 00162.423 00163.396 00162.030 00163.025 00164.036 00162.626 00163.661 00164.698 00163.313 00164.468 00163.155 00164.695 00166.144 00163.815 00165.051 00166.276 00164.711 00165.699 00166.673 00165.059 00166.201 00167.222 00168.300 00166.154 00167.844 00166.752 00165.681 00166.717 00167.764 00165.972 00167.143 00168.314 00167.049 00168.988 00167.405 00169.803 00167.022 00170.875 00167.685 00169.092 00170.481
00161.619 00160.704 00161.451 00162.204 00160.986 00161.939 00162.908 00161.837 00162.906 00221.158 00319.374 00163.827 00163.482 00162.647 00163.508 00164.375 00162.940 00163.956 00162.698 00164.958 00163.519 00164.524 00163.041 00164.007 00164.974 00163.500 00164.581 00165.639 00164.198 00165.285 00163.942 00165.451 00166.694 00164.617 00165.806 00166.932 00165.274 00166.463 00168.606 00165.692 00166.811 00167.249 00166.527 00168.060 00166.858 00168.648 00166.886 00167.871 00165.952 00167.109 00168.246 00166.611 00168.433 00170.268 00168.152 00169.426 00168.465 00249.187 00321.995 00290.477
00161.607 00162.809 00161.636 00179.812 00177.452 00343.509 00327.227 00164.064 00162.955 00164.162 00162.876 00163.929 00164.937 00162.720 00163.612 00164.508 00162.934 00163.930 00164.926 00164.186 00163.488 00164.525 00165.559 00164.004 00164.961 00165.895 00164.319 00165.361 00163.836 00165.007 00166.180 00164.780 00166.035 00167.143 00165.277 00166.509 00167.780 00166.449 00167.939 00169.517 00166.317 00167.702 00168.927 00168.392 00167.009 00168.749 00167.700 00166.718 00169.000 00167.164 00168.272 00169.376 00168.025 00169.869 00167.822 00257.548 00203.897 00364.922 00578.774 00408.367
00163.810 00163.022 00164.333 00162.855 00163.702 00164.554 00163.197 00164.249 00162.879 00164.067 00162.759 00163.761 00164.794 00163.894 00163.672 00164.607 00165.538 00163.941 00164.923 00165.904 00165.684 00164.347 00165.397 00163.834 00164.819 00165.804 00164.182 00165.241 00166.299 00164.740 00165.903 00167.129 00165.484 00166.864 00168.090 00166.202 00167.416 00165.834 00167.412 00168.556 00169.110 00167.359 00169.027 00350.382 00170.094 00168.875 00167.733 00169.573 00168.498 00167.252 00168.350 00169.443 00233.221 00321.486 00222.545 00530.531 00334.628 00611.635 00661.369 00493.802
00163.246 00162.971 00164.319 00162.996 00163.846 00164.696 00163.120 00164.151 00165.218 00163.879 00165.093 00163.662 00164.627 00165.591 00165.822 00164.505 00165.474 00163.837 00164.845 00165.852 00164.828 00164.305 00165.374 00166.445 00164.795 00165.777 00166.722 00165.030 00166.044 00167.371 00165.878 00167.957 00165.189 00166.371 00167.513 00165.834 00167.429 00169.267 00166.752 00167.909 00169.383 00170.726 00312.757 00283.385 00343.657 00472.748 00546.103 00287.643 00382.315 00211.112 00445.343 00402.109 00243.894 00564.083 00349.855 00650.520 00456.227 00262.905 00450.839 00580.971
00165.411 00165.090 00164.224 00165.599 00163.971 00164.834 00165.687 00164.099 00165.104 00163.545 00164.749 00165.968 00164.436 00165.467 00166.500 00164.513 00165.514 00166.518 00164.845 00165.835 00166.823 00166.425 00165.212 00166.284 00164.635 00165.618 00166.609 00164.894 00166.632 00168.440 00165.457 00167.329 00169.184 00166.135 00167.511 00169.075 00167.044 00168.560 00170.417 00167.786 00169.111 00238.456 00183.582 00459.722 00198.782 00539.837 00249.558 00451.235 00650.152 00373.472 00638.236 00481.391 00326.249 00173.685 00471.799 00262.310 00574.125 00391.225 00210.422 00678.759
00165.224 00164.141 00163.953 00165.342 00164.249 00165.957 00165.044 00163.958 00165.008 00166.061 00164.556 00165.777 00164.308 00165.308 00166.289 00165.361 00165.385 00166.417 00164.732 00165.743 00166.753 00165.422 00165.171 00166.285 00167.402 00165.940 00167.630 00169.078 00166.232 00168.006 00169.770 00166.598 00167.796 00168.860 00167.475 00169.197 00171.048 00168.333 00169.862 00172.313 00474.464 00651.330 00394.451 00662.828 00400.288 00593.443 00324.338 00546.776 00241.933 00478.617 00215.464 00427.816 00638.237 00336.512 00593.926 00396.297 00200.648 00528.811 00348.753 00677.776
00165.160 00166.378 00166.142 00165.223 00166.633 00165.661 00164.703 00166.371 00164.930 00165.954 00166.979 00165.454 00166.657 00165.087 00166.131 00167.188 00165.477 00166.548 00167.623 00165.873 00166.878 00167.883 00167.387 00166.276 00167.393 00165.732 00167.158 00168.677 00170.282 00167.548 00169.014 00166.271 00167.514 00168.756 00167.182 00168.993 00170.822 00167.784 00336.618 00295.533 00610.268 00339.022 00590.308 00352.678 00641.078 00655.510 00407.358 00656.401 00356.653 00583.382 00328.189 00574.932 00297.758 00527.609 00240.083 00534.750 00341.407 00661.841 00484.022 00308.063
00164.964 00166.177 00164.993 00164.943 00166.365 00165.202 00166.947 00165.899 00164.762 00165.830 00166.901 00165.285 00166.549 00167.817 00166.115 00167.141 00168.165 00166.542 00167.635 00165.895 00166.913 00167.932 00166.576 00166.310 00167.452 00168.595 00167.094 00168.426 00169.611 00166.979 00168.086 00169.192 00167.423 00168.674 00169.920 00230.774 00308.981 00236.026 00575.383 00410.180 00247.513 00535.166 00268.976 00553.638 00346.575 00655.871 00542.088 00266.619 00491.067 00199.428 00459.295 00213.237 00458.497 00195.198 00426.860 00668.484 00477.837 00287.636 00615.399 00440.431
00167.639 00166.150 00167.429 00167.306 00166.334 00167.780 00166.746 00165.708 00167.345 00165.884 00166.947 00168.012 00166.400 00167.739 00166.107 00167.753 00169.885 00166.633 00167.757 00168.876 00167.054 00168.075 00169.096 00168.866 00167.530 00168.688 00166.946 00168.017 00168.991 00169.955 00168.410 00170.187 00172.343 00302.524 00308.859 00671.790 00505.730 00341.117 00178.004 00521.505 00360.259 00205.595 00489.634 00249.051 00546.138 00346.166 00684.880 00386.727 00609.456 00324.775 00577.118 00339.060 00605.808 00353.500 00610.222 00337.776 00611.583 00423.086 00235.721 00570.603
00167.723 00166.110 00167.383 00166.312 00166.231 00167.686 00166.489 00168.276 00167.101 00165.849 00166.941 00168.036 00166.517 00168.520 00170.515 00167.733 00169.576 00171.422 00167.863 00169.013 00167.210 00168.232 00169.255 00168.063 00167.617 00168.791 00169.968 00169.008 00200.080 00219.060 00416.668 00400.923 00273.452 00613.389 00439.942 00267.548 00606.995 00443.929 00282.089 00629.747 00480.941 00333.622 00187.783 00469.317 00232.215 00536.887 00347.803 00512.666 00201.488 00436.706 00676.875 00453.164 00225.654 00499.731 00261.826 00519.416 00253.635 00555.914 00369.993 00185.574
00167.828 00166.113 00167.418 00168.726 00166.240 00167.709 00166.353 00168.154 00167.002 00168.609 00167.299 00169.043 00170.846 00168.120 00170.095 00167.384 00169.229 00171.077 00167.964 00169.144 00170.327 00214.160 00218.377 00179.005 00201.573 00444.566 00288.990 00573.415 00274.894 00480.770 00176.298 00521.262 00359.860 00198.727 00537.542 00367.252 00198.596 00548.054 00395.691 00244.432 00604.894 00457.713 00314.372 00684.612 00447.488 00213.198 00530.569 00353.335 00456.440 00541.835 00275.552 00556.363 00342.225 00634.362 00405.698 00181.289 00432.560 00685.568 00501.643 00319.132
00168.160 00169.505 00167.644 00169.438 00168.956 00167.740 00169.220 00168.035 00166.930 00168.524 00167.232 00168.936 00170.690 00167.800 00169.885 00172.038 00251.422 00296.860 00241.760 00463.732 00266.176 00595.036 00430.836 00266.909 00453.985 00585.009 00385.974 00187.043 00410.968 00629.543 00326.518 00604.128 00444.115 00284.393 00631.855 00472.326 00314.336 00668.284 00516.193 00364.761 00214.932 00580.079 00437.160 00298.444 00658.918 00427.796 00196.868 00497.293 00257.761 00643.879 00388.946 00652.993 00447.211 00240.882 00538.323 00321.566 00607.778 00350.475 00631.165 00450.360
00169.034 00171.098 00167.781 00170.166 00172.596 00167.770 00169.271 00168.055 00170.324 00168.440 00172.229 00251.020 00256.475 00188.079 00465.948 00313.453 00593.032 00289.924 00504.080 00226.620 00351.925 00666.280 00325.462 00509.119 00186.830 00673.796 00472.601 00272.081 00539.294 00257.305 00476.712 00184.144 00536.640 00383.589 00317.395 00599.759 00453.642 00289.333 00631.542 00480.714 00331.767 00185.676 00557.459 00414.101 00277.594 00635.394 00406.867 00182.242 00454.647 00194.498 00493.138 00246.720 00546.702 00347.744 00660.556 00451.092 00245.083 00523.139 00271.405 00577.746
00512.648 00347.857 00193.892 00424.999 00264.324 00229.095 00443.607 00189.253 00394.082 00605.995 00343.688 00621.598 00449.461 00276.440 00602.374 00408.677 00215.108 00447.281 00660.811 00397.016 00436.841 00236.372 00459.962 00647.952 00338.348 00429.651 00577.171 00377.510 00178.139 00422.323 00665.106 00371.088 00679.296 00658.899 00440.613 00186.570 00545.300 00390.736 00232.572 00589.910 00442.664 00299.218 00669.883 00530.297 00394.066 00261.470 00613.477 00390.089 00684.128 00416.645 00586.145 00351.806 00639.605 00447.453 00255.139 00571.291 00372.060 00175.851 00442.030 00195.393
00685.535 00613.480 00416.126 00607.097 00522.265 00643.380 00556.566 00301.124 00517.452 00208.590 00452.677 00188.774 00525.144 00356.668 00186.316 00504.056 00311.925 00599.303 00313.666 00571.670 00289.717 00465.746 00641.956 00323.405 00601.316 00620.567 00205.991 00496.033 00353.795 00621.683 00603.724 00699.364 00729.503 00597.778 00523.865 00602.281 00613.014 00301.976 00489.968 00192.654 00550.377 00408.286 00268.512 00643.953 00508.845 00377.434 00247.525 00594.478 00376.362 00672.930 00663.380 00443.859 00220.749 00540.357 00354.182 00682.156 00489.605 00299.789 00608.136 00364.987
00743.592 00725.489 00707.119 00686.533 00711.553 00736.479 00647.152 00398.186 00628.993 00325.504 00553.687 00293.856 00601.854 00444.578 00278.595 00610.344 00424.855 00238.956 00505.120 00227.684 00455.307 00676.576 00325.613 00505.472 00193.182 00716.491 00700.056 00695.010 00716.392 00737.725 00708.814 00736.044 00709.974 00686.542 00716.880 00696.198 00729.681 00484.426 00659.641 00380.575 00653.312 00339.498 00578.089 00309.687 00622.204 00295.669 00551.544 00297.755 00577.897 00364.682 00625.298 00560.813 00329.199 00627.285 00446.449 00265.843 00597.370 00413.058 00232.003 00375.148
