Assets/WUInity/Farsite/test_dataset/Ashley/output/test.hpa
NCOLS 382
NROWS 266
XLLCORNER 157819.328125
YLLCORNER 384678.625000
CELLSIZE 30.000000
NODATA_VALUE -1
[rows 208 to 233 of 266, columns 180 to 239 of 382]
01013.216 01019.199 01024.324 01028.775 01032.390 01036.407 01040.264 01043.784 01046.848 01047.977 01048.829 01049.527 01051.080 01052.422 01050.208 01048.649 04385.062 04431.747 05545.745 05527.349 05494.389 05480.812 05459.823 05439.543 05472.060 05542.187 03462.565 02158.937 01074.776 01089.783 01093.656 01091.325 01088.878 01093.498 01097.500 01094.695 01091.604 01088.584 01083.708 01077.382 01074.493 01071.642 01068.947 01066.327 01064.450 01062.721 01062.508 01060.099 01058.172 01054.209 01053.792 01053.867 01055.350 01055.826 01054.803 01053.342 01047.368 01046.462 01044.965 01043.702
01006.407 01013.853 01019.594 01024.027 01027.808 01031.320 01034.786 01039.341 01041.670 01043.009 01044.124 01045.557 01045.609 01046.926 01045.913 01044.776 01391.501 01274.863 05251.689 05526.550 05491.305 05470.197 05445.582 05421.855 05469.867 04320.614 01920.505 01214.949 01067.522 01075.541 01074.838 01072.612 01073.859 01076.607 01080.254 01080.945 01078.333 01074.445 01069.932 01066.765 01064.081 01061.615 01060.582 01060.953 01060.144 01059.014 01059.688 01056.985 01054.023 01050.857 01051.758 01052.909 01053.088 01053.044 01051.923 01048.063 01047.243 01042.708 01040.256 01039.731
00999.988 01007.098 01013.612 01018.772 01023.123 01027.169 01030.334 01034.689 01037.150 01038.628 01039.825 01040.529 01042.095 01044.699 01043.639 01041.798 01251.862 01758.546 02436.410 05496.248 05471.691 05444.209 05423.441 05407.909 05471.437 01730.697 01071.880 01053.550 01054.268 01063.762 01062.801 01062.047 01066.455 01070.657 01070.263 01069.838 01067.798 01065.647 01061.844 01060.059 01058.321 01057.726 01058.088 01057.737 01055.444 01054.856 01055.621 01053.487 01050.633 01049.168 01050.244 01051.059 01051.357 01050.027 01047.286 01045.216 01043.043 01040.719 01039.489 01037.440
00985.673 00999.962 01005.896 01012.338 01017.712 01021.966 01025.571 01028.938 01033.874 01035.312 01035.856 01036.629 01037.362 01038.935 01041.150 01564.360 01954.984 03371.930 03941.789 05482.689 05444.791 05420.809 05400.379 05407.565 04285.864 01039.690 01044.304 01048.031 01051.485 01052.388 01053.864 01054.772 01056.124 01059.758 01062.143 01061.506 01060.957 01059.929 01057.427 01055.091 01053.989 01054.240 01054.374 01053.674 01054.143 01053.292 01052.720 01052.395 01048.447 01050.343 01050.028 01049.421 01048.315 01046.070 01044.176 01041.758 01040.288 01038.977 01037.387 01036.173
00962.654 00982.793 00998.982 01004.290 01010.976 01016.497 01020.284 01024.357 01028.951 01031.098 01032.202 01033.739 01035.751 01037.280 01037.618 01036.154 01034.865 01245.605 05493.094 02934.648 05432.948 05407.484 05385.386 04848.672 02294.674 01746.406 01040.408 01044.038 01046.664 01047.515 01048.590 01049.404 01052.855 01054.388 01054.912 01055.263 01055.370 01055.583 01055.069 01052.898 01052.644 01053.194 01053.140 01052.267 01051.855 01050.917 01049.486 01049.615 01049.061 01046.250 01047.018 01045.508 01044.288 01042.699 01040.842 01039.024 01038.147 01037.333 01036.261 01034.201
00932.060 00959.348 00978.872 00995.657 01002.078 01008.929 01014.171 01018.898 01023.606 01026.845 01029.052 01029.413 01029.676 01032.668 01032.485 01031.394 01592.521 02563.708 02684.350 03962.528 04628.944 05400.615 05380.517 01994.264 01301.329 01030.275 01035.923 01040.118 01041.532 01042.664 01044.767 01047.414 01046.546 01049.658 01050.631 01051.179 01051.556 01051.692 01051.631 01050.918 01050.256 01049.416 01048.564 01048.028 01047.442 01047.005 01046.792 01046.171 01045.411 01044.694 01044.207 01043.280 01040.688 01039.200 01037.738 01036.598 01035.941 01035.968 01033.626 01032.603
00895.335 00925.033 00953.878 00974.030 00990.195 01000.572 01006.051 01011.953 01017.702 01021.225 01024.174 01024.761 01024.805 01026.707 01028.395 01027.615 01027.058 01178.109 01524.403 01676.120 05422.848 05397.312 04872.610 01014.770 01020.647 01025.398 01030.932 01035.384 01037.973 01038.407 01040.036 01042.099 01044.241 01043.409 01042.714 01044.728 01046.664 01047.649 01047.482 01047.296 01046.724 01046.229 01045.779 01044.995 01044.137 01043.361 01042.951 01042.865 01042.952 01041.327 01039.811 01038.364 01036.807 01036.083 01035.410 01035.811 01036.481 01035.551 01031.332 01030.362
00862.551 00888.859 00917.281 00944.847 00965.183 00983.990 00997.870 01001.848 01007.764 01013.797 01018.189 01019.700 01019.571 01020.808 01022.994 01023.065 01021.995 01021.960 01021.684 02007.976 02898.304 02847.973 01966.346 01297.855 01015.225 01020.344 01024.988 01030.107 01033.486 01034.808 01036.192 01038.921 01039.985 01040.838 01040.712 01040.418 01043.296 01043.612 01043.736 01043.658 01043.556 01043.167 01042.353 01042.098 01041.832 01041.066 01038.798 01036.681 01728.487 05500.191 03955.669 02042.331 01097.499 01033.834 01033.290 01032.896 01032.109 01031.170 01030.458 01029.570
00824.540 00853.840 00882.800 00906.643 00933.898 00958.946 00974.135 00988.748 00999.896 01003.506 01009.539 01011.875 01012.894 01014.328 01017.555 01019.516 01018.198 01017.038 01016.686 01015.847 01014.403 01012.497 01069.665 01005.621 01008.327 01014.900 01019.930 01024.428 01028.244 01030.111 01031.942 01034.970 01036.062 01034.600 01036.451 01038.860 01039.096 01039.307 01039.771 01039.919 01039.932 01039.738 01039.298 01038.744 01038.569 01038.396 01215.913 01876.797 05483.007 05450.972 05439.758 05436.267 05441.977 05447.813 02198.226 01027.946 01028.300 01028.295 01027.383 01026.277
00773.074 00811.734 00845.649 00871.901 00894.925 00920.389 00943.682 00963.216 00977.169 00989.844 01001.811 01003.808 01004.218 01005.938 01007.569 01011.663 01012.412 01011.255 01010.216 01009.618 01008.451 01006.917 01005.124 01002.766 01000.219 01007.588 01012.971 01019.553 01023.266 01025.032 01027.203 01029.866 01032.367 01033.056 01032.051 01033.966 01035.769 01035.933 01036.241 01036.759 01036.834 01036.461 01036.117 01035.831 01035.283 01034.166 01704.833 02904.875 04304.450 04166.770 05421.526 05399.650 05383.368 05389.254 05397.850 05405.371 02773.948 01689.490 01023.859 01022.848
00668.989 00749.405 00790.066 00828.955 00855.263 00882.150 00903.542 00927.401 00946.279 00963.656 00978.437 00987.802 00993.558 00997.363 01000.277 01002.147 01003.866 01002.693 01001.582 01001.460 01001.297 01001.233 00999.660 00993.514 00986.909 00999.999 01004.370 01009.945 01014.847 01019.378 01021.726 01024.486 01027.239 01028.515 01029.399 01030.314 01031.162 01031.628 01031.609 01031.919 01032.596 01032.572 01032.189 01031.931 01031.839 01030.100 01028.101 01040.516 01389.651 01378.088 01036.429 04552.050 05382.490 05359.220 05319.880 04866.409 02537.859 01016.806 01017.907 01018.756
00505.652 00615.329 00712.870 00770.114 00809.904 00840.815 00864.785 00885.593 00904.910 00925.826 00944.508 00958.637 00967.137 00974.239 00980.850 00985.527 00989.654 00990.684 00989.094 00988.086 00987.377 00985.503 00980.638 00974.757 00967.215 00982.887 00993.991 01001.141 01006.370 01011.191 01015.995 01018.102 01018.980 01023.380 01024.573 01025.530 01026.380 01027.201 01027.564 01027.849 01028.029 01028.190 01028.322 01028.414 01028.133 01027.672 01026.187 01022.702 01021.838 01670.615 01939.144 01785.431 05372.577 03596.708 05300.961 03315.518 02048.524 01009.126 01010.439 01012.117
00889.125 00000.209 00575.239 00665.911 00738.776 00780.424 00817.078 00843.644 00863.136 00884.165 00901.845 00914.773 00928.883 00939.126 00947.397 00956.853 00963.342 00965.928 00964.520 00963.236 00962.510 00961.770 00958.260 00950.046 00941.229 00955.265 00970.464 00986.845 00998.577 01001.937 01007.663 01012.309 01013.626 01014.326 01017.860 01020.289 01021.015 01021.989 01022.581 01023.080 01023.624 01024.161 01024.430 01023.704 01022.967 01022.548 01022.251 01019.615 01017.902 01017.575 01458.796 03436.715 05360.404 05328.971 01695.993 01605.857 01413.888 01000.012 01001.363 01003.068
00985.397 00938.242 00680.182 00502.790 00600.096 00689.561 00746.812 00779.908 00814.835 00839.921 00854.941 00871.352 00884.999 00894.922 00907.320 00914.684 00922.243 00929.614 00931.063 00931.948 00930.588 00927.563 00924.579 00914.736 00899.988 00911.468 00939.272 00962.564 00979.184 00992.052 00999.755 01003.573 01005.408 01005.753 01009.466 01013.074 01014.312 01015.498 01016.469 01016.760 01017.029 01017.007 01017.070 01017.110 01017.238 01017.416 01016.393 01015.027 01013.764 01012.302 01196.685 04367.615 04712.065 01276.922 00968.438 01590.198 00964.378 00976.075 00984.851 00990.936
01011.570 01001.121 00970.301 00867.474 00434.158 00550.295 00616.244 00689.163 00743.832 00780.473 00797.295 00820.100 00835.142 00852.054 00858.455 00866.601 00876.230 00884.604 00885.563 00885.326 00884.579 00882.646 00881.339 00879.959 00856.812 00878.477 00898.725 00924.110 00947.800 00967.121 00977.939 00987.164 00992.755 00996.748 01001.090 01004.007 01005.867 01007.276 01008.890 01009.497 01009.797 01010.018 01010.159 01010.331 01010.418 01010.440 01010.444 01009.228 01007.776 01006.419 01205.281 01495.459 01905.447 01627.072 00973.534 00965.809 00948.267 00931.770 00956.325 00964.178
01024.838 01017.165 01011.453 00988.163 00954.129 00816.257 00108.396 00548.163 00611.543 00683.392 00711.775 00736.088 00763.963 00784.557 00798.317 00811.937 00820.771 00828.704 00834.092 00838.074 00840.831 00834.340 00829.235 00826.804 00820.398 00836.666 00861.025 00885.431 00906.034 00929.705 00944.852 00957.939 00966.390 00973.723 00980.199 00986.466 00992.144 00995.280 00999.250 01002.339 01003.288 01003.953 01001.632 01001.668 01004.135 01004.260 01004.090 01003.893 01002.913 01000.876 00996.309 00991.363 00984.332 00972.555 00962.252 00947.316 00931.650 00913.163 00912.623 00927.594
01030.947 01025.987 01018.821 01011.990 01007.150 00986.153 00947.271 00818.246 00403.848 00532.378 00580.529 00605.637 00648.328 00691.605 00716.777 00734.042 00745.777 00758.267 00763.934 00768.031 00772.126 00766.463 00760.397 00754.935 00749.320 00778.031 00819.395 00845.921 00864.680 00884.877 00898.935 00912.374 00926.797 00940.913 00950.044 00959.136 00966.031 00969.105 00974.268 00979.430 00980.899 00982.282 00982.746 00982.959 00986.999 00988.335 00984.591 00984.633 00984.900 00980.846 00976.158 00970.130 00964.092 00955.223 00941.768 00927.946 00911.701 00889.746 00861.783 00883.469
01036.335 01032.254 01027.438 01023.117 01016.490 01011.973 01002.957 00980.328 00949.539 00892.304 00725.945 00364.177 00486.588 00554.414 00589.083 00607.078 00628.953 00645.961 00659.337 00666.026 00672.529 00670.754 00660.524 00649.310 00637.252 00668.984 00747.797 00786.121 00823.119 00842.007 00855.281 00873.049 00886.374 00895.424 00907.272 00916.763 00928.120 00934.080 00941.281 00947.387 00950.398 00952.322 00954.891 00959.114 00961.290 00963.113 00961.738 00960.081 00958.852 00955.541 00951.098 00944.301 00937.111 00928.357 00915.200 00897.196 00880.808 00858.789 00839.212 00832.882
01042.997 01037.551 01034.027 01030.110 01025.793 01020.660 01016.069 01010.242 01005.587 00989.714 00972.453 00950.169 00927.096 00824.168 00660.966 00413.641 00376.961 00487.980 00517.721 00529.344 00539.997 00549.436 00539.065 00526.952 00505.180 00480.998 00609.787 00694.381 00747.914 00769.817 00793.964 00822.791 00837.261 00852.696 00860.735 00873.804 00883.911 00889.371 00893.278 00900.052 00904.666 00908.017 00911.339 00917.195 00921.145 00922.658 00922.988 00921.591 00919.244 00916.657 00914.268 00911.874 00901.709 00889.643 00880.090 00864.103 00846.230 00823.798 00794.134 00762.314
01049.118 01044.210 01040.121 01035.810 01032.582 01028.213 01025.423 01021.957 01017.815 01013.180 01009.146 01006.124 00996.510 00983.024 00964.293 00950.773 00936.639 00919.439 00865.570 00848.330 00846.400 00830.209 00846.600 00871.874 00900.458 00911.802 00293.056 00555.534 00618.542 00663.367 00708.709 00746.431 00769.914 00786.928 00804.098 00821.835 00832.158 00841.284 00849.841 00852.791 00856.531 00860.741 00864.880 00869.543 00873.788 00877.565 00880.056 00878.067 00876.049 00874.065 00870.875 00867.194 00859.285 00851.643 00838.216 00825.488 00803.707 00773.469 00742.130 00703.134
01055.537 01050.220 01046.445 01042.582 01037.977 01034.672 01031.938 01028.813 01026.546 01023.817 01020.459 01018.057 01015.584 01010.070 01005.084 01003.962 01001.721 00992.924 00982.550 00977.149 00981.269 00978.047 00974.413 00974.720 00976.738 00980.185 00951.076 00809.190 00143.789 00510.677 00572.926 00619.702 00660.361 00696.323 00720.193 00742.184 00760.285 00766.918 00775.000 00788.583 00797.521 00803.514 00809.381 00816.359 00819.527 00822.879 00826.044 00825.049 00824.106 00823.551 00820.731 00814.010 00806.441 00790.495 00776.101 00760.587 00737.103 00708.025 00661.336 00605.943
05527.751 01056.940 01052.877 01048.933 01044.823 01041.130 01037.697 01035.116 01033.136 01030.518 01027.911 01026.091 01024.002 01021.948 01019.388 01015.335 01012.721 01011.732 01010.854 01009.088 01007.463 01005.998 01005.150 01004.731 01004.738 01005.697 01004.421 00979.169 00933.817 00896.554 00726.749 00106.907 00501.770 00564.518 00590.665 00614.655 00645.617 00666.872 00685.577 00701.794 00713.450 00719.678 00725.790 00733.006 00741.299 00743.318 00745.324 00745.677 00745.740 00746.145 00744.107 00733.007 00722.731 00710.283 00693.779 00674.286 00639.962 00601.980 00567.813 00485.406
05613.302 04722.657 01062.672 01299.275 01051.216 01048.182 01046.404 01045.352 01041.527 01038.644 01036.231 01033.620 01031.528 01029.951 01026.966 01024.709 01023.599 01022.506 01020.874 01019.442 01018.936 01018.209 01018.353 01019.353 01018.664 01018.178 01017.727 01008.948 00999.809 00985.201 00965.198 00932.299 00905.676 00797.109 00630.237 00177.032 00480.213 00519.672 00550.509 00574.725 00591.539 00597.628 00601.769 00608.531 00623.277 00628.363 00631.225 00633.262 00633.763 00634.274 00634.784 00623.496 00607.317 00594.036 00578.532 00555.757 00510.685 00375.550 00534.883 00823.637
05665.770 02979.612 02137.435 01154.625 02875.637 05500.494 04769.781 01053.862 01050.181 01047.412 01043.749 01038.809 01036.996 01035.311 01034.814 01032.136 01030.676 01029.298 01028.325 01027.416 01026.211 01026.502 01027.068 01027.083 01026.866 01027.049 01026.837 01021.885 01014.528 01010.227 01004.477 00999.493 00987.268 00974.453 00955.189 00936.566 00920.354 00891.489 00815.579 00732.219 00597.474 00464.213 00360.963 00113.011 00363.867 00459.157 00469.974 00477.142 00476.506 00471.152 00472.334 00454.734 00333.638 00256.502 00546.094 00723.803 00822.117 00916.744 00940.592 00958.772
05702.443 05636.560 01450.609 01118.892 02381.649 05368.464 05442.080 02120.470 01054.688 01049.988 01049.575 01045.113 01044.058 01041.544 01038.808 01036.226 01035.841 01035.123 01033.721 01032.872 01032.174 01031.300 01031.546 01031.780 01031.316 01031.162 01031.420 01029.240 01026.664 01022.625 01018.827 01014.410 01010.399 01005.542 01002.136 00999.551 00992.788 00986.616 00975.548 00962.411 00947.224 00932.917 00933.556 00937.380 00933.957 00921.262 00918.416 00915.536 00921.433 00932.272 00923.178 00905.618 00916.985 00930.469 00942.823 00956.913 00969.207 00980.643 00991.004 01001.236
05740.810 05671.885 04280.559 03894.561 05603.658 05633.883 05616.013 01979.087 01062.057 01059.624 01054.454 01050.650 01049.169 01047.664 01045.721 01043.569 01041.757 01041.093 01040.574 01038.707 01036.606 01035.825 01035.614 01035.539 01035.372 01034.964 01035.096 01035.157 01032.736 01029.974 01026.860 01024.437 01021.556 01019.400 01016.332 01014.821 01010.582 01007.539 01007.221 01007.518 01005.918 01003.896 01003.148 01001.266 00997.719 00999.062 00996.004 00991.290 00986.706 00983.600 00981.942 00983.167 00987.531 00996.603 00999.179 01001.865 01004.899 01006.619 01008.382 01010.689
