Assets/WUInity/Farsite/test_dataset/Ashley/output/test.sdr
NCOLS 382
NROWS 266
XLLCORNER 157819.328125
YLLCORNER 384678.625000
CELLSIZE 30.000000
NODATA_VALUE -1
[rows 168 to 209 of 266, columns 188 to 281 of 382]
338 335 326 314 313 313 314 340 331 331 330 329 355 355 355 355 359 359 359 014 014 016 016 172 172 164 164 150 150 151 151 135 135 136 084 081 099 099 099 105 105 108 105 100 118 121 088 316 343 341 091 106 082 073 059 052 084 110 318 051 051 093 076 103 106 116 111 119 122 125 124 126 129 128 129 124 120 120 116 122 111 124 123 094 015 020 014 115 030 030 107 078 099 081
310 310 311 313 313 314 314 314 316 317 329 328 327 325 353 353 353 357 357 357 014 015 015 015 033 032 042 149 151 151 135 135 136 086 084 099 099 099 104 106 108 107 103 116 128 145 318 340 340 104 107 106 117 068 055 065 076 318 330 046 051 093 110 109 118 121 123 123 125 126 129 129 131 127 125 128 121 127 124 130 127 125 137 124 076 117 121 115 125 124 125 122 099 102
310 311 311 311 312 313 314 316 317 317 318 320 325 325 325 351 351 351 355 355 355 012 014 014 037 034 043 045 047 080 081 080 087 086 100 099 099 103 105 107 107 102 104 137 145 330 003 003 104 107 122 121 124 087 107 060 117 351 045 043 094 111 109 120 121 122 123 125 126 129 131 128 128 131 128 131 128 131 130 128 137 137 129 137 126 122 125 125 124 126 124 140 128 102
279 279 279 278 278 277 276 317 318 318 320 321 325 325 325 325 324 322 353 353 352 352 012 012 040 042 043 043 085 080 080 086 086 102 100 103 103 105 105 107 106 102 084 074 327 051 034 109 104 122 123 124 139 131 141 117 031 063 053 097 113 110 119 121 122 122 125 127 128 127 130 131 132 133 134 134 137 138 137 137 138 139 137 124 123 125 125 133 135 139 140 139 134 128
279 279 279 278 278 277 276 276 276 275 274 272 269 268 325 324 322 320 320 318 351 351 351 012 012 040 042 086 085 081 086 086 101 101 104 103 104 105 106 110 105 101 102 330 108 076 115 107 122 123 136 140 142 140 126 106 102 075 104 114 112 119 120 120 121 125 126 125 125 129 129 130 132 131 134 137 138 137 137 133 124 123 124 125 130 132 133 135 135 137 140 143 143 142
279 279 279 278 278 277 276 276 276 275 274 272 269 268 267 267 269 320 318 317 316 315 350 350 013 041 090 087 085 086 086 101 101 104 103 103 104 115 112 108 104 115 079 010 101 118 127 123 135 140 146 151 037 103 109 105 100 110 115 113 120 120 119 125 125 125 125 128 128 129 130 129 131 133 128 133 136 134 124 124 123 123 128 130 132 129 131 133 133 136 137 139 104 108
269 269 270 270 270 270 271 271 271 271 271 271 269 268 267 267 269 269 270 270 270 270 271 271 271 089 090 093 098 086 101 101 103 103 103 118 115 113 115 115 115 115 126 125 120 127 130 135 137 114 101 087 106 113 109 104 116 117 122 121 121 120 126 125 125 125 127 128 129 127 128 130 127 128 128 123 122 123 122 122 123 128 134 128 129 131 133 136 136 137 102 102 097 097
269 269 270 270 270 270 271 271 271 271 271 271 269 224 224 225 226 226 226 226 227 227 191 191 167 138 090 093 099 101 101 103 103 103 119 116 117 116 115 115 115 126 124 129 125 129 132 122 115 103 096 108 116 112 107 119 117 123 122 121 128 126 126 125 129 128 129 127 127 128 125 127 128 123 121 120 121 121 126 129 131 127 128 128 137 138 138 139 099 099 102 102 097 095
269 269 270 270 230 229 229 228 228 228 227 227 226 226 224 224 225 226 226 190 190 191 191 168 168 138 136 094 099 102 101 103 122 120 120 118 117 115 126 126 126 128 124 124 129 129 122 117 106 103 112 117 113 124 120 118 124 122 122 128 128 127 131 129 130 129 127 127 128 125 126 128 123 122 121 121 121 125 122 121 127 136 137 137 127 107 107 099 099 102 101 097 096 095
233 233 232 230 230 230 229 229 228 228 228 223 223 223 223 224 224 193 193 190 190 169 169 168 138 141 134 133 131 103 125 122 121 120 128 128 128 126 126 129 129 124 130 130 125 120 119 110 106 116 119 116 124 121 126 125 123 131 130 128 132 131 131 130 130 127 131 128 125 129 125 124 123 121 122 125 125 121 119 126 116 115 121 103 105 103 099 099 104 101 099 098 096 093
230 230 230 230 230 230 230 220 220 221 221 221 223 223 193 193 193 193 189 189 170 169 167 167 142 142 133 131 130 127 122 127 127 128 128 129 129 129 129 125 131 131 130 126 122 120 112 109 121 120 126 124 126 126 125 132 131 130 133 132 131 131 131 135 134 131 136 134 130 126 128 124 126 123 126 122 121 129 126 117 118 116 105 103 105 099 099 106 103 104 102 098 094 093
230 230 219 219 220 220 220 220 220 220 221 196 195 195 193 193 188 189 189 168 167 167 167 166 142 141 133 130 128 127 127 127 127 128 129 129 129 127 131 131 132 130 130 124 122 115 126 122 120 127 126 126 132 132 132 134 134 133 132 131 137 135 135 136 137 136 134 134 133 129 131 129 130 126 124 122 130 123 119 119 120 110 104 108 102 099 111 106 109 103 100 098 094 124
219 219 219 219 220 220 220 220 197 197 197 197 194 194 193 188 188 188 166 166 165 164 166 142 141 140 132 131 132 132 132 132 130 129 129 129 130 131 132 132 133 129 128 124 118 127 123 129 128 126 134 132 133 134 134 134 133 140 139 139 137 136 136 137 137 136 135 133 134 132 131 130 128 125 134 130 124 128 120 120 113 107 116 108 102 113 113 111 107 103 100 126 124 123
218 218 219 220 220 220 197 197 197 197 194 194 194 187 188 188 188 166 166 166 162 166 166 144 140 139 131 132 132 132 132 131 129 129 129 132 132 132 132 129 129 128 135 134 134 132 129 136 135 134 133 133 134 140 140 140 140 139 140 140 140 138 137 138 137 137 136 134 132 131 130 138 137 134 130 135 130 129 124 120 131 120 112 123 116 115 112 109 105 129 128 128 128 127
217 218 218 200 199 199 197 197 194 194 194 187 187 186 186 187 169 169 167 160 165 165 164 149 139 138 137 136 135 134 134 133 134 134 132 131 131 128 129 135 135 135 134 134 138 137 135 135 134 142 141 140 140 140 140 140 140 140 140 140 140 139 137 137 137 136 143 142 141 139 138 138 137 137 135 133 131 138 136 131 130 128 125 120 116 113 133 131 130 128 128 132 132 132
201 201 201 200 198 197 194 194 194 188 188 188 186 186 186 169 170 168 168 160 163 164 150 151 151 149 136 135 134 133 132 131 132 132 131 131 128 137 135 135 136 137 137 139 142 143 142 142 142 142 141 140 140 140 146 146 146 146 146 145 145 145 144 144 143 142 142 141 140 139 138 137 137 141 140 139 137 136 134 130 128 125 136 135 135 133 133 133 133 132 132 132 132 140
201 199 199 198 194 194 194 194 188 188 185 185 185 185 170 170 168 168 160 161 163 163 151 151 149 148 147 147 146 146 146 132 132 131 141 140 137 139 137 136 136 137 139 140 143 145 146 146 146 146 146 146 146 146 147 147 148 148 145 145 145 145 145 146 146 146 146 146 145 144 144 142 142 141 140 139 138 138 138 138 137 136 135 135 133 133 133 133 132 140 140 140 140 140
199 199 194 194 194 194 188 188 188 184 184 185 185 170 170 168 168 162 162 161 162 162 162 151 152 152 146 146 146 146 144 143 142 141 140 140 139 145 144 142 139 139 141 144 146 147 147 158 164 166 166 146 147 147 147 147 147 147 149 149 149 148 148 148 148 148 148 148 148 148 143 142 141 139 139 138 138 138 138 138 139 139 139 139 139 139 140 140 140 140 140 141 141 141
-01 194 194 194 188 188 188 184 184 184 184 171 171 171 168 168 168 162 162 161 161 162 162 162 152 153 153 153 154 147 147 147 146 146 146 145 146 146 146 145 144 142 143 136 135 136 111 110 119 166 165 165 164 163 147 147 148 148 148 149 149 149 149 149 150 148 148 148 148 148 148 148 148 146 145 144 143 142 141 141 140 140 140 140 141 141 141 141 141 141 141 141 141 141
-01 -01 241 200 188 188 188 184 184 184 184 172 172 171 171 168 168 168 162 162 160 161 161 161 161 160 154 154 155 154 154 154 154 154 146 146 146 146 145 143 141 138 136 135 146 143 106 118 139 149 168 169 169 161 160 160 159 159 148 148 148 149 149 149 149 149 150 150 150 150 150 150 147 147 147 147 147 147 146 140 140 140 140 141 141 141 141 141 141 144 144 144 144 144
-01 -01 -01 227 188 188 188 184 183 183 183 172 172 170 170 168 168 167 163 163 163 161 161 160 159 159 159 160 154 154 154 154 154 154 153 153 153 153 152 151 149 148 147 147 147 145 133 144 156 164 158 169 170 170 160 160 161 157 157 157 156 156 149 149 150 150 150 150 150 150 150 150 150 150 150 150 147 146 146 145 145 144 144 144 144 144 144 143 143 143 144 144 144 144
-01 -01 -01 212 193 188 188 185 185 183 183 172 172 172 171 171 167 167 167 163 163 163 159 159 158 160 162 160 161 161 161 154 154 154 155 155 155 154 154 154 154 153 153 153 142 133 138 121 170 175 167 167 170 170 169 169 161 161 161 156 156 156 156 155 155 155 150 150 150 150 150 151 151 152 150 150 150 150 150 150 144 144 144 143 143 143 143 143 147 147 147 147 146 146
-01 -01 249 246 220 187 187 185 185 182 182 182 172 172 171 172 172 167 167 167 163 163 163 163 154 154 154 155 169 161 162 162 162 162 155 156 156 156 155 155 155 153 153 152 140 121 121 121 139 153 168 168 168 170 170 169 169 161 161 160 160 156 157 157 157 155 155 154 154 149 149 149 148 148 152 152 152 150 150 149 149 149 149 148 148 148 148 148 148 148 148 148 148 148
-01 -01 248 250 190 190 189 186 186 182 182 182 172 172 172 172 172 166 166 167 167 167 162 161 160 158 158 159 159 160 172 162 162 161 161 161 156 157 157 157 157 155 155 154 148 137 139 142 153 161 149 169 169 169 170 170 169 169 160 160 159 160 160 160 158 158 158 154 153 153 153 153 148 148 148 148 148 152 152 152 152 152 153 153 153 153 153 153 153 153 152 152 152 152
-01 -01 246 249 196 194 192 185 185 182 182 181 181 172 172 172 172 172 172 166 166 166 166 166 156 154 153 151 160 161 161 173 173 163 163 161 161 161 161 157 157 157 156 156 140 086 082 069 024 126 176 170 171 171 169 170 170 169 169 169 159 159 159 161 161 159 159 159 159 153 153 153 153 153 153 148 148 148 148 148 148 148 148 148 148 148 148 148 148 148 148 148 148 148
-01 -01 204 202 200 199 191 192 186 186 182 182 181 172 172 172 172 172 172 172 166 166 166 166 165 165 151 151 151 151 151 151 173 172 163 163 163 166 161 161 161 161 150 140 120 086 127 126 125 130 178 178 172 172 172 169 169 170 168 168 168 159 159 159 161 161 161 159 159 159 159 153 153 153 153 153 153 153 153 153 153 153 153 153 153 153 153 153 152 152 152 152 152 152
-01 -01 -01 206 200 200 191 191 186 186 181 181 181 181 172 172 172 172 172 172 172 166 166 166 163 162 162 161 161 161 151 150 152 178 178 187 183 173 173 161 161 159 157 155 146 127 126 125 128 146 154 187 185 172 172 169 169 169 171 168 168 168 159 159 159 159 161 161 159 159 159 159 159 153 153 153 153 153 153 154 154 154 154 153 153 153 153 153 153 153 153 152 152 152
-01 -01 -01 -01 243 200 191 191 186 186 186 181 181 181 181 172 172 172 172 172 172 172 166 166 166 166 159 158 158 163 161 162 150 149 197 205 196 174 174 174 161 161 161 161 140 140 142 144 147 172 158 158 195 176 172 172 169 169 171 171 168 168 167 167 158 158 158 158 161 162 159 159 159 158 158 158 158 158 158 154 154 154 154 154 154 154 154 154 155 155 154 154 154 154
314 025 -01 -01 248 229 191 191 191 186 186 181 181 179 179 179 172 172 172 172 172 172 172 172 166 166 165 164 139 113 076 123 166 147 145 211 216 206 175 174 173 161 157 148 132 103 105 106 104 131 129 159 160 177 177 172 172 170 170 170 170 167 167 167 166 158 158 157 157 157 157 164 165 159 159 159 159 159 158 158 157 157 157 157 157 157 154 154 155 155 155 155 155 155
286 002 002 -01 245 243 183 181 181 183 183 183 181 181 190 187 186 173 173 172 172 171 171 171 171 165 164 157 144 122 124 122 121 121 237 254 235 220 178 178 171 171 170 134 121 103 125 126 131 144 150 151 126 125 178 172 172 172 170 170 171 171 167 167 166 166 165 157 157 157 157 157 158 158 165 165 165 159 159 159 159 159 159 157 157 157 157 157 157 157 157 157 157 156
257 330 311 292 255 177 177 176 166 183 183 183 178 178 218 191 191 173 173 173 172 172 171 171 171 171 161 160 150 137 137 145 347 043 334 352 244 183 183 179 179 168 168 156 145 132 126 128 128 125 151 151 151 152 153 183 172 172 172 170 170 171 171 166 165 165 165 164 164 164 163 157 157 158 158 158 156 155 165 165 159 160 160 160 160 160 160 160 156 156 156 157 157 157
257 310 306 281 179 179 178 157 158 164 183 183 183 232 231 191 191 191 174 174 174 172 172 171 171 169 168 166 137 138 026 020 073 042 044 044 249 190 188 188 178 178 166 165 163 152 132 124 131 132 132 132 132 132 131 131 130 120 172 173 170 170 170 170 170 165 165 165 163 163 162 163 163 163 163 158 158 158 158 158 158 165 165 166 160 160 161 161 159 159 159 159 159 157
225 225 225 204 195 181 168 168 158 158 182 183 183 232 232 204 197 191 175 175 175 174 172 172 171 171 155 144 125 088 060 103 082 105 079 044 090 197 196 189 177 177 177 154 148 137 123 132 142 144 132 132 132 131 143 142 142 142 142 141 140 136 170 171 171 170 170 165 165 165 165 162 162 161 161 163 163 163 163 158 158 158 158 158 158 157 168 161 161 161 161 159 159 160
227 225 225 200 203 156 147 170 170 156 155 182 182 235 205 205 205 186 186 188 186 174 174 172 172 167 166 164 155 149 148 132 118 098 137 136 135 133 201 188 188 175 175 173 172 123 137 143 145 145 144 143 143 143 142 142 142 144 144 144 143 143 141 139 136 143 142 141 177 165 165 165 165 165 162 162 162 162 163 163 163 163 163 157 157 157 157 157 157 161 161 161 161 161
221 223 225 185 187 191 150 150 150 171 154 153 181 206 205 205 205 186 186 210 196 195 175 175 171 171 162 161 160 160 136 120 150 137 136 135 133 132 130 188 188 175 175 162 155 145 143 144 144 144 144 144 144 144 144 144 144 144 144 144 144 144 143 143 142 142 141 140 139 138 135 146 145 175 165 165 165 161 161 161 161 163 163 163 163 163 157 157 157 157 157 161 161 162
220 221 185 184 184 154 140 150 150 149 172 152 151 206 206 204 205 185 217 215 204 197 175 175 175 171 170 169 160 161 150 149 149 148 149 149 147 146 146 146 188 188 175 174 144 143 144 144 146 144 144 144 144 144 144 144 148 148 148 149 149 149 148 148 148 147 147 147 146 146 146 145 144 143 147 147 147 144 143 169 161 161 161 164 165 165 162 162 161 157 157 157 157 161
218 220 186 186 175 141 141 143 147 153 146 146 172 206 206 204 204 183 246 243 219 211 176 177 176 176 167 166 165 164 165 165 165 149 149 149 150 146 146 145 143 203 174 174 171 171 145 147 147 147 148 148 148 149 149 150 148 149 149 149 148 148 148 148 148 148 148 148 148 148 148 148 148 147 147 147 146 146 146 146 146 145 161 162 162 162 166 166 161 161 160 160 157 157
217 218 187 187 149 137 105 108 111 114 114 113 107 102 207 203 204 177 249 246 213 215 179 179 179 175 175 164 163 163 163 166 166 166 150 150 150 151 151 151 152 136 174 174 169 169 169 168 166 147 148 149 149 149 150 150 151 151 151 151 151 152 152 152 152 152 152 152 152 152 152 152 152 152 152 152 152 151 151 151 151 151 151 142 139 137 132 167 167 167 160 160 160 160
215 216 188 182 182 182 105 109 112 098 101 103 103 101 089 202 202 263 263 242 223 213 181 181 181 175 175 175 161 161 166 166 166 166 165 165 151 151 152 152 153 153 153 152 178 178 168 168 164 164 163 163 162 161 161 151 151 151 151 152 151 152 152 152 153 153 153 153 153 153 153 153 153 153 153 152 152 152 152 152 151 151 151 151 151 151 151 150 151 150 167 168 160 160
213 214 187 187 163 157 145 131 106 098 102 103 094 096 097 094 312 263 262 252 220 222 183 183 181 181 174 173 173 164 164 166 166 166 166 165 165 165 154 155 155 156 156 157 157 156 181 168 168 168 168 163 163 163 161 161 161 161 161 161 161 161 152 152 153 153 153 153 153 154 154 154 154 154 153 153 153 153 153 152 152 153 153 153 153 153 151 151 151 150 150 151 147 170
211 212 189 189 177 177 176 168 155 130 085 091 094 096 097 093 263 263 247 227 220 220 185 185 185 181 172 172 171 171 164 164 165 165 166 166 165 164 164 164 163 157 157 157 157 157 157 155 152 168 168 168 168 163 162 162 162 162 161 161 161 161 161 161 161 161 160 160 154 154 154 155 155 153 153 153 153 154 152 152 152 152 152 152 152 153 153 153 153 153 153 151 150 150
211 211 189 189 189 174 174 174 136 117 085 143 140 139 137 133 276 269 253 239 217 220 187 186 186 179 179 168 168 170 170 164 164 164 164 164 165 165 163 163 163 163 163 163 162 157 158 158 159 159 169 169 168 167 166 166 162 162 162 162 162 162 162 162 162 160 160 160 160 159 159 159 156 156 156 156 156 155 155 154 154 154 154 152 152 153 153 153 153 153 153 153 153 150
