Assets/WUInity/Farsite/test_dataset/Ashley/output/test.hpa
NCOLS 382
NROWS 266
XLLCORNER 157819.328125
YLLCORNER 384678.625000
CELLSIZE 30.000000
NODATA_VALUE -1
[rows 156 to 181 of 266, columns 180 to 239 of 382]
01219.053 01246.236 01812.947 02605.995 03982.515 01150.229 01148.572 02218.125 01182.171 01193.887 01214.987 01240.402 01233.978 01207.910 01199.099 01193.797 01186.964 01188.484 01191.927 01185.126 01191.881 01197.682 01231.611 01226.240 01196.281 01188.067 01178.631 01166.722 01151.319 01134.549 01111.036 01115.113 01145.555 01174.961 01194.438 01216.213 01244.323 01243.794 01211.447 01221.438 01204.732 01170.926 01142.708 01134.221 01123.851 01115.520 01107.215 01102.513 01134.428 01142.414 01159.078 05828.477 05911.737 05983.539 05977.428 01375.378 01351.383 01290.644 01311.014 01866.460
01162.841 01184.546 01178.555 01605.251 02033.635 01149.438 01148.320 01300.807 01203.186 01197.420 01198.804 01205.561 01202.845 01193.524 01189.828 01191.687 01196.063 01205.239 01211.249 01207.392 01207.316 01221.874 01223.731 01217.652 01196.338 01191.886 01186.351 01174.831 01150.068 01120.509 01103.433 01107.457 01133.381 01170.324 01187.351 01223.219 01240.386 01236.840 01240.663 01212.851 01223.133 01187.295 01159.641 01166.393 01160.586 01122.580 01089.720 01096.390 01138.328 01144.552 01162.457 02229.616 05871.836 05964.550 05978.952 02602.704 02710.552 02263.248 01291.221 01275.162
01157.723 01201.925 01234.413 01203.767 01173.641 01148.849 01148.528 01154.289 01172.591 01186.223 01202.279 01203.882 01200.599 01195.581 01188.396 01189.926 01200.344 01209.846 01215.576 01194.040 01199.041 01215.779 01215.492 01210.552 01196.122 01193.179 01189.692 01178.983 01155.637 01119.410 01091.776 01095.143 01141.026 01182.000 01185.873 01198.005 01203.847 01227.852 01229.811 01209.994 01220.214 01209.851 01184.460 01196.052 01181.740 01134.872 01100.970 01127.860 01129.783 01150.675 01163.675 01171.975 01573.011 05923.551 05974.877 05968.502 05964.124 05063.252 01744.305 01340.552
01153.950 01153.215 01206.680 01208.864 01191.732 01171.324 01150.232 01150.089 01149.363 01499.949 02356.483 01281.664 01490.359 01380.873 01191.324 01196.472 01185.798 01230.404 01226.841 01184.801 01188.300 01204.951 01207.476 01201.250 01195.672 01194.306 01193.034 01182.732 01166.409 01127.264 01085.698 01086.313 01141.158 01186.638 01188.176 01185.718 01183.203 01183.078 01224.800 01236.088 01218.327 01224.225 01197.543 01229.729 01194.100 01161.627 01137.680 01137.562 01112.937 01159.023 01164.004 01186.724 01220.827 05913.533 05971.479 05963.709 06049.733 05868.886 01344.377 01286.660
01154.820 01153.530 01152.470 01186.521 01208.871 01209.104 01211.202 01201.992 01175.246 01523.324 03603.830 06099.167 02101.888 01469.325 01192.470 01170.112 01175.766 01200.434 01213.372 01191.574 01174.121 01188.569 01205.505 01203.509 01198.847 01194.806 01190.475 01183.326 01167.480 01136.771 01103.479 01097.063 01112.043 01165.836 01184.398 01176.012 01167.824 01171.009 01182.808 01200.772 01214.213 01226.925 01216.588 01251.009 01204.003 01174.444 01150.911 01138.247 01105.893 01138.165 01173.238 01200.857 01222.734 02416.719 05970.454 05953.240 05977.055 06048.134 01345.894 01328.842
01154.015 01155.688 01154.643 01153.907 01153.094 01186.062 01182.163 01188.512 01261.004 01224.939 02784.787 05201.195 06076.992 01188.694 01156.755 01156.504 01156.959 01158.947 01194.087 01182.642 01163.309 01160.986 01197.421 01204.190 01201.118 01197.402 01190.627 01180.595 01168.085 01148.603 01121.116 01110.507 01125.661 01155.773 01168.928 01160.512 01144.333 01145.832 01128.515 01169.931 01186.697 01213.219 01233.691 01218.493 01206.839 01189.003 01157.477 01151.463 01127.716 01151.858 01161.910 01206.767 01436.181 01273.064 02424.479 05336.421 05952.133 05956.254 02447.417 01290.824
01145.433 01155.574 01156.975 01156.041 01155.975 01155.867 01174.635 01206.081 01222.876 01223.321 01758.525 06012.268 06047.410 05987.347 01163.399 01157.298 01156.444 01154.762 01157.506 01154.943 01151.360 01152.152 01156.327 01191.520 01183.658 01176.938 01184.210 01175.298 01161.836 01148.042 01135.919 01134.751 01142.661 01144.954 01150.518 01158.545 01153.841 01146.110 01130.253 01152.595 01174.839 01189.323 01221.632 01195.879 01209.776 01197.769 01176.399 01159.283 01143.231 01125.504 01193.851 01199.003 01255.361 01452.309 01283.251 01270.574 02030.134 05955.796 05953.436 01618.292
01147.226 01146.165 01148.161 01152.730 01158.365 01169.281 01175.977 01169.300 01230.540 01224.269 02156.742 01678.974 06091.601 05947.586 01158.923 01307.264 01539.282 01221.927 01154.355 01152.201 01151.124 01151.665 01150.547 01155.207 01165.531 01156.454 01150.434 01172.472 01159.676 01149.001 01141.612 01135.086 01133.230 01148.524 01172.592 01186.194 01176.174 01163.667 01158.453 01155.123 01177.531 01182.827 01192.650 01200.844 01213.713 01208.238 01192.861 01171.215 01136.940 01137.403 01157.088 01233.547 01269.780 01281.520 01281.107 01271.690 01260.563 01295.542 05948.929 02613.879
01150.160 01149.897 01149.719 01150.412 01160.866 01165.425 01165.288 01168.400 01168.966 01607.936 03593.386 01344.878 04870.037 06032.070 05931.111 05925.080 06001.476 05633.126 05759.685 01217.745 01150.718 01151.037 01150.084 01148.797 01143.885 01147.546 01143.398 01140.217 01143.220 01147.700 01138.525 01136.319 01140.932 01145.055 01168.821 01168.623 01195.095 01179.394 01166.923 01194.131 01182.288 01188.215 01200.250 01214.325 01228.547 01234.931 01221.592 01196.077 01174.448 01138.458 01165.703 01214.839 01267.627 01330.592 01322.519 01273.918 01273.706 01687.533 05937.935 05918.680
01158.043 01155.321 01153.759 01152.404 01151.237 01156.594 01163.218 01164.979 01164.726 01874.664 04428.633 06022.139 06128.443 06099.098 06076.060 06051.589 06101.370 06128.191 06108.008 06081.778 01250.503 01149.970 01149.416 01147.349 01143.790 01123.214 01122.673 01129.511 01126.339 01131.713 01135.229 01137.044 01141.417 01142.509 01156.894 01184.007 01202.122 01165.784 01224.462 01207.491 01184.006 01194.591 01255.560 01261.930 01262.017 01256.714 01230.887 01210.926 01204.784 01146.697 01159.745 01230.820 01229.316 01331.447 01324.094 01471.180 01354.573 05942.797 05928.219 05901.087
01154.476 01152.072 01150.753 01150.455 01154.385 01158.439 01161.792 01160.998 01160.479 01159.836 01406.608 02680.858 05609.273 03595.028 06019.100 02870.645 01262.436 02898.770 06098.151 06085.793 01917.802 01151.105 01145.538 01145.357 01143.877 01139.624 01123.977 01115.978 01109.938 01102.568 01106.681 01130.768 01150.124 01149.225 01157.550 01159.751 01164.294 01193.756 01233.464 01179.738 01199.979 01224.874 01225.587 01268.346 01265.526 01258.791 01262.113 01274.714 01224.929 01173.291 01177.202 01213.149 01316.076 01332.442 01826.089 02566.796 05939.399 05929.875 05901.344 05887.491
01150.852 01149.723 01148.765 01147.546 01148.719 01150.429 01151.541 01154.188 01154.788 01153.903 01153.495 01639.375 05886.902 01163.745 01175.687 01190.848 01385.299 02264.426 04722.986 06017.639 01514.536 01149.711 01146.230 01136.959 01131.683 01130.889 01132.414 01115.922 01109.423 01112.875 01119.090 01134.814 01143.000 01157.562 01159.728 01167.013 01171.542 01202.950 01176.045 01227.578 01195.738 01202.012 01241.832 01238.960 01225.392 01261.088 01269.971 01268.909 01231.329 01217.643 01194.153 01204.912 01241.269 01308.270 06045.174 05932.996 05935.660 05947.933 01203.150 01675.386
01148.955 01148.803 01147.309 01145.689 01143.799 01145.544 01155.887 01153.342 01146.785 01236.514 01839.015 01282.634 01144.894 01144.907 01143.384 01168.984 01404.231 01206.542 01203.092 01201.494 01197.059 01183.047 01166.906 01148.114 01141.214 01134.775 01126.731 01137.582 01128.143 01133.442 01140.648 01146.261 01159.440 01167.268 01170.276 01209.599 01179.945 01179.691 01180.801 01212.667 01206.310 01204.810 01206.423 01213.780 01220.208 01245.334 01266.126 01254.253 01234.619 01226.472 01222.910 01220.313 01276.210 06029.790 05935.015 01851.036 01321.706 01193.228 01187.673 01186.079
01148.229 01147.445 01146.006 01143.361 01141.884 01148.153 01147.063 01138.185 01136.272 01135.527 01139.058 01141.290 01143.063 01136.554 01138.323 01154.424 01183.606 01197.995 01201.083 01219.283 01219.472 01200.945 01187.701 01172.430 01152.213 01142.710 01142.488 01142.570 01142.017 01148.945 01145.304 01143.659 01154.977 01163.945 01173.050 01203.438 01244.277 01215.859 01256.516 01226.757 01206.344 01207.313 01200.865 01204.400 01220.220 01234.251 01254.791 01244.723 01239.708 01242.562 01248.060 01325.453 01550.587 05894.085 03449.578 01267.944 01223.334 01196.561 01185.236 01209.527
01147.163 01146.150 01144.523 01141.567 01141.221 01140.787 01137.112 01134.869 01135.142 01135.794 01140.724 01143.291 01135.896 01132.264 01136.693 01144.527 01165.501 01169.130 01198.393 01228.704 01241.664 01227.210 01199.312 01197.949 01183.149 01163.595 01143.583 01143.501 01143.292 01134.778 01130.985 01139.586 01140.970 01156.212 01172.205 01192.042 01237.714 01248.445 01257.496 01265.144 01258.528 01209.819 01203.695 01208.266 01204.835 01223.173 01233.477 01229.971 01237.436 01259.690 03056.466 03194.388 05884.629 05893.722 02494.601 01358.980 01209.226 01207.144 01212.315 01202.053
01147.243 01145.778 01144.158 01141.531 01139.904 01137.282 01134.978 01134.488 01135.029 01135.982 01143.119 01139.236 01129.268 01127.589 01128.960 01138.823 01138.837 01144.966 01186.315 01205.857 01206.334 01200.419 01222.936 01218.353 01190.991 01141.394 01138.770 01136.509 01134.337 01131.509 01131.732 01131.528 01140.572 01147.470 01181.447 01204.770 01227.027 01247.207 01257.494 01260.713 01264.144 01212.459 01226.443 01209.312 01213.889 01210.416 01219.514 01221.527 01251.531 01255.082 05932.701 05905.678 01261.942 01271.296 01276.902 01241.886 01220.217 01227.812 01230.352 01216.213
01147.052 01145.487 01143.889 01142.246 01139.700 01135.940 01135.025 01135.228 01134.735 01135.660 01138.779 01136.234 01130.665 01128.752 01132.182 01135.232 01134.295 01138.713 01172.694 01175.751 01195.139 01239.346 01240.885 01227.231 01192.804 01167.825 01157.220 01139.243 01130.867 01128.394 01125.281 01125.425 01127.594 01160.137 01158.870 01209.180 01222.945 01245.521 01253.419 01255.929 01258.716 01231.027 01242.246 01230.380 01212.352 01224.552 01200.597 01234.426 01249.772 01247.399 05351.316 03214.169 01260.799 01398.551 01273.714 01252.644 01232.388 01223.773 01232.130 01224.191
01146.781 01145.212 01143.608 01142.002 01139.851 01137.685 01136.538 01135.645 01134.446 01134.115 01134.856 01134.900 01131.354 01130.829 01133.677 01132.251 01132.463 01136.002 01144.672 01148.489 01192.105 01205.965 01229.806 01230.986 01194.399 01190.080 01181.283 01138.634 01154.608 01125.486 01123.966 01120.758 01122.217 01126.660 01184.333 01204.217 01218.537 01239.861 01243.093 01247.141 01240.588 01243.112 01248.603 01232.253 01222.818 01213.017 01215.005 01252.045 01242.705 01242.876 05090.466 01401.090 01271.026 01271.973 01262.784 01251.846 01232.577 01234.672 01232.815 01207.989
01146.631 01145.064 01143.460 01141.865 01140.311 01138.790 01137.283 01135.770 01134.315 01132.862 01132.699 01133.874 01132.449 01134.046 01134.981 01132.495 01132.773 01133.986 01134.050 01137.830 01168.929 01171.210 01209.849 01234.384 01213.803 01190.634 01184.494 01157.438 01140.685 01124.444 01122.746 01120.253 01116.457 01121.833 01181.049 01198.296 01213.799 01231.736 01235.320 01236.383 01239.972 01247.159 01246.217 01229.264 01226.424 01222.252 01250.231 01243.977 01251.238 01263.312 01281.923 01281.364 01270.761 01273.282 01252.533 01248.771 01216.742 01221.622 01210.813 01216.769
01146.724 01145.158 01143.555 01141.952 01140.389 01138.857 01137.348 01135.831 01134.367 01132.908 01132.086 01131.964 01134.382 01137.789 01137.155 01135.141 01134.516 01134.532 01134.346 01134.220 01133.127 01133.893 01182.325 01225.144 01229.842 01201.140 01184.351 01171.464 01163.747 01146.900 01149.241 01148.542 01137.299 01141.163 01177.657 01193.142 01210.732 01226.505 01233.526 01236.530 01244.717 01254.084 01246.233 01241.536 01232.359 01238.541 01251.930 01254.396 01256.736 01280.085 01299.495 01296.671 01291.760 01243.902 01230.893 01184.360 01194.010 01218.360 01224.107 01224.863
01146.816 01145.244 01143.635 01142.021 01140.450 01138.925 01137.414 01135.892 01134.419 01132.954 01131.505 01130.035 01135.758 01141.230 01139.175 01137.454 01136.038 01135.196 01134.680 01134.149 01133.421 01132.278 01134.320 01180.677 01224.697 01207.481 01186.927 01175.782 01167.281 01160.157 01156.312 01155.536 01160.770 01173.109 01181.535 01189.233 01208.193 01223.020 01231.923 01239.139 01249.866 01255.438 01255.835 01253.857 01234.884 01244.170 01254.454 01261.400 01267.758 01296.238 01302.166 01292.932 01256.523 01214.411 01186.498 01181.906 01220.409 01223.621 01230.686 01228.718
01146.912 01145.332 01143.778 01142.266 01140.807 01139.370 01137.957 01136.530 01135.111 01133.779 01132.393 01130.948 01129.633 01136.754 01140.229 01138.710 01137.628 01136.698 01135.533 01134.742 01134.085 01133.230 01132.347 01131.034 01178.690 01199.996 01203.248 01181.072 01169.915 01161.160 01162.139 01165.095 01171.595 01177.284 01164.419 01177.798 01205.389 01225.724 01233.283 01246.719 01257.877 01262.597 01271.238 01240.622 01282.613 01250.257 01267.760 01267.209 01268.421 01260.576 01268.909 01264.911 01221.873 01195.765 01191.527 01211.184 01214.652 01226.065 01221.473 01225.155
01147.795 01146.342 01144.872 01143.366 01141.878 01140.424 01138.995 01137.588 01136.186 01134.821 01133.520 01132.163 01130.748 01129.452 01137.347 01139.446 01138.688 01138.131 01137.522 01136.543 01135.615 01134.302 01132.937 01139.617 01158.051 01181.206 01190.051 01185.361 01178.383 01170.622 01157.984 01136.262 01181.376 01145.362 01156.163 01173.139 01200.665 01219.801 01242.156 01249.062 01242.793 01242.673 01255.701 01310.424 01290.342 01262.234 01270.956 01258.680 01255.474 01226.936 01264.401 01239.788 01216.713 01202.496 01201.353 01216.710 01222.114 01227.495 01224.033 01221.179
01148.775 01147.397 01145.944 01144.491 01143.001 01141.555 01140.128 01138.736 01137.353 01135.968 01134.685 01134.481 01132.268 01133.116 01132.979 01137.418 01140.039 01139.439 01138.857 01138.351 01137.521 01136.413 01135.550 01135.404 01136.989 01155.209 01177.640 01187.272 01151.916 01143.732 01163.934 01160.851 01146.457 01152.506 01159.055 01172.992 01193.242 01208.476 01212.648 01214.426 01215.462 01257.029 01294.549 01322.365 01299.058 01326.605 01283.551 01302.686 01203.375 01202.290 01213.511 01223.039 01201.622 01201.783 01231.211 01222.406 01224.009 01224.202 01223.590 01221.743
01149.613 01148.545 01147.134 01145.703 01144.254 01142.753 01141.362 01140.045 01138.766 01137.499 01136.229 01135.681 01140.205 01135.067 01137.272 01138.327 01139.485 01140.448 01140.251 01139.511 01139.161 01139.519 01139.188 01138.457 01138.005 01137.956 01138.700 01141.652 01167.550 01159.908 01162.563 01147.331 01154.004 01174.924 01166.279 01173.180 01182.460 01191.822 01201.212 01210.635 01224.990 01254.789 01301.448 01307.586 01342.176 01319.165 01324.306 01301.068 01232.410 01156.320 01190.830 01155.644 01208.890 01216.666 01224.653 01222.112 01224.331 01223.036 01222.708 01221.046
01153.919 01149.443 01148.391 01147.077 01145.748 01144.405 01143.024 01141.690 01140.389 01139.118 01137.860 01136.817 01142.133 01141.357 01139.773 01138.939 01139.883 01140.985 01141.551 01142.184 01141.569 01138.224 01131.349 01133.950 01139.616 01145.801 01144.185 01147.553 01168.344 01148.693 01187.041 01157.535 01217.438 01165.231 01171.544 01179.885 01189.913 01199.734 01210.212 01216.670 01225.212 01235.114 01248.035 01327.836 01296.077 01324.341 01320.194 01315.722 01245.249 01218.141 01145.536 01181.306 01199.203 01211.282 01208.374 01223.854 01220.262 01222.708 01221.827 01221.543
