Assets/WUInity/Farsite/test_dataset/Ashley/output/test.toa
NCOLS 382
NROWS 266
XLLCORNER 157819.328125
YLLCORNER 384678.625000
CELLSIZE 30.000000
NODATA_VALUE -1
[rows 208 to 233 of 266, columns 240 to 299 of 382]
00005.462 00005.487 00005.515 00005.543 00005.572 00005.601 00005.630 00005.660 00005.690 00005.719 00005.749 00005.778 00005.808 00005.838 00005.868 00005.899 00005.933 00005.966 00006.000 00006.046 00006.092 00006.138 00006.186 00006.234 00006.282 00006.330 00006.378 00006.427 00006.478 00006.528 00006.579 00006.630 00006.680 00006.731 00006.780 00006.831 00006.883 00006.934 00006.986 00007.081 00007.195 00007.310 00007.427 00007.497 00007.586 00007.677 00007.774 00007.875 00007.978 00008.089 00008.188 00008.257 00008.343 00008.430 00008.531 00008.650 00008.771 00008.896 00009.025 00009.155
00005.567 00005.589 00005.613 00005.638 00005.665 00005.694 00005.723 00005.752 00005.781 00005.809 00005.838 00005.866 00005.895 00005.925 00005.956 00005.986 00006.023 00006.066 00006.109 00006.153 00006.198 00006.245 00006.291 00006.338 00006.385 00006.432 00006.481 00006.530 00006.579 00006.628 00006.678 00006.728 00006.779 00006.830 00006.882 00006.933 00006.985 00007.077 00007.186 00007.296 00007.405 00007.517 00007.638 00007.761 00007.861 00007.955 00008.048 00008.140 00008.238 00008.338 00008.451 00008.560 00008.637 00008.733 00008.833 00008.945 00009.075 00009.209 00009.349 00009.501
00005.673 00005.694 00005.716 00005.739 00005.765 00005.791 00005.818 00005.846 00005.875 00005.903 00005.931 00005.959 00005.987 00006.022 00006.062 00006.103 00006.145 00006.188 00006.232 00006.276 00006.318 00006.360 00006.402 00006.448 00006.495 00006.542 00006.590 00006.637 00006.685 00006.734 00006.783 00006.833 00006.884 00006.935 00006.986 00007.075 00007.184 00007.293 00007.404 00007.517 00007.631 00007.745 00007.863 00007.984 00008.108 00008.231 00008.321 00008.413 00008.510 00008.616 00008.725 00008.848 00008.971 00009.059 00009.165 00009.275 00009.406 00009.561 00009.731 00009.921
00005.756 00005.785 00005.818 00005.846 00005.868 00005.891 00005.918 00005.945 00005.973 00006.001 00006.038 00006.074 00006.110 00006.149 00006.188 00006.229 00006.272 00006.316 00006.361 00006.405 00006.449 00006.493 00006.534 00006.575 00006.615 00006.655 00006.703 00006.751 00006.799 00006.847 00006.895 00006.944 00006.993 00007.087 00007.193 00007.298 00007.405 00007.513 00007.625 00007.741 00007.859 00007.980 00008.099 00008.217 00008.338 00008.463 00008.611 00008.708 00008.808 00008.916 00009.035 00009.155 00009.296 00009.417 00009.534 00009.667 00009.806 00009.993 00019.544 00019.970
00005.846 00005.874 00005.903 00005.931 00005.960 00005.994 00006.028 00006.059 00006.095 00006.132 00006.169 00006.206 00006.243 00006.279 00006.317 00006.358 00006.399 00006.443 00006.489 00006.538 00006.588 00006.633 00006.675 00006.716 00006.756 00006.794 00006.832 00006.871 00006.915 00006.964 00007.025 00007.120 00007.219 00007.320 00007.422 00007.529 00007.638 00007.748 00007.861 00007.975 00008.094 00008.211 00008.332 00008.456 00008.584 00008.717 00008.856 00009.019 00009.135 00009.244 00009.369 00009.509 00009.660 00009.855 00009.990 00019.399 00019.933 00020.189 00020.402 00020.598
00005.935 00005.964 00005.993 00006.030 00006.068 00006.107 00006.147 00006.186 00006.232 00006.263 00006.300 00006.346 00006.386 00006.413 00006.450 00006.487 00006.525 00006.567 00006.609 00006.651 00006.701 00006.753 00006.807 00006.863 00006.911 00006.942 00006.978 00007.025 00007.101 00007.178 00007.265 00007.363 00007.462 00007.562 00007.667 00007.774 00007.882 00007.997 00008.109 00008.219 00008.332 00008.451 00008.576 00008.708 00008.846 00008.990 00009.142 00009.302 00009.499 00009.630 00009.767 00009.941 00010.580 00019.904 00020.276 00020.426 00020.617 00020.801 00020.979 00021.065
00006.037 00006.072 00006.111 00006.151 00006.191 00006.230 00006.270 00006.309 00006.358 00006.455 00006.668 00006.595 00006.561 00006.572 00006.593 00006.621 00006.658 00006.695 00006.734 00006.777 00006.820 00006.864 00006.910 00006.964 00007.045 00007.168 00007.264 00007.325 00007.386 00007.463 00007.538 00007.615 00007.717 00007.820 00007.925 00008.032 00008.138 00008.245 00008.357 00008.473 00008.590 00008.711 00008.839 00008.983 00009.133 00009.291 00009.462 00009.652 00009.861 00010.495 00019.830 00020.133 00020.365 00020.580 00020.785 00021.022 00021.082 00021.141 00021.195 00021.247
00006.158 00006.203 00006.238 00006.273 00006.313 00006.353 00006.393 00006.434 00006.484 00006.571 00006.695 00006.922 00006.816 00006.737 00006.757 00006.776 00006.795 00006.832 00006.869 00006.907 00006.945 00006.991 00007.074 00007.168 00007.264 00007.370 00007.502 00007.647 00007.724 00007.785 00007.855 00007.923 00007.987 00008.085 00008.186 00008.289 00008.394 00008.507 00008.622 00008.741 00008.869 00008.999 00009.138 00009.285 00009.453 00009.641 00009.846 00010.312 00019.883 00020.257 00020.564 00020.755 00020.941 00021.060 00021.131 00021.191 00021.261 00021.308 00021.358 00021.407
00006.283 00006.318 00006.359 00006.404 00006.442 00006.477 00006.518 00006.560 00006.605 00006.655 00006.745 00006.858 00007.159 00006.963 00006.934 00006.946 00006.962 00006.981 00007.016 00007.087 00007.158 00007.229 00007.315 00007.409 00007.506 00007.612 00007.723 00007.834 00007.982 00008.144 00008.190 00008.243 00008.294 00008.348 00008.454 00008.563 00008.673 00008.786 00008.911 00009.039 00009.170 00009.315 00009.470 00009.645 00009.835 00010.247 00019.835 00020.217 00020.504 00020.778 00021.018 00021.120 00021.183 00021.237 00021.293 00021.349 00021.404 00021.466 00021.517 00021.564
00006.417 00006.451 00006.487 00006.524 00006.563 00006.608 00006.650 00006.686 00006.728 00006.778 00006.834 00006.934 00007.181 00007.484 00007.289 00007.258 00007.241 00007.266 00007.301 00007.355 00007.428 00007.501 00007.576 00007.658 00007.757 00007.856 00007.964 00008.079 00008.193 00008.312 00008.461 00008.581 00008.629 00008.679 00008.754 00008.866 00008.978 00009.098 00009.222 00009.365 00009.517 00009.685 00009.875 00010.352 00019.845 00020.193 00020.473 00020.741 00021.000 00021.107 00021.185 00021.260 00021.333 00021.398 00021.448 00021.502 00021.556 00021.610 00021.664 00021.719
00006.561 00006.593 00006.624 00006.658 00006.695 00006.732 00006.770 00006.816 00006.861 00006.902 00006.949 00007.019 00007.390 00007.776 00008.054 00007.847 00007.772 00007.743 00007.796 00007.849 00007.892 00007.932 00007.974 00007.999 00008.022 00008.121 00008.217 00008.317 00008.438 00008.566 00008.702 00008.861 00009.020 00009.064 00009.107 00009.202 00009.317 00009.441 00009.588 00009.750 00009.941 00019.213 00019.874 00020.228 00020.495 00020.732 00020.963 00021.093 00021.171 00021.246 00021.319 00021.391 00021.463 00021.533 00021.603 00021.653 00021.704 00021.757 00021.809 00021.860
00006.713 00006.743 00006.772 00006.802 00006.833 00006.868 00006.906 00006.944 00006.982 00007.056 00007.149 00007.304 00007.697 00008.106 00008.252 00008.281 00008.554 00008.442 00008.488 00008.534 00008.565 00008.581 00008.516 00008.414 00008.348 00008.393 00008.493 00008.591 00008.692 00008.826 00008.968 00009.128 00009.331 00009.482 00009.532 00009.587 00009.724 00009.869 00010.156 00019.651 00020.037 00020.278 00020.499 00020.738 00020.989 00021.099 00021.168 00021.236 00021.305 00021.377 00021.449 00021.520 00021.590 00021.660 00021.729 00021.798 00021.854 00021.901 00021.953 00022.006
00006.895 00006.901 00006.927 00006.953 00006.982 00007.025 00007.084 00007.156 00007.228 00007.302 00007.410 00007.608 00007.844 00008.068 00008.163 00008.350 00008.557 00008.707 00009.177 00009.176 00009.183 00009.247 00008.999 00008.785 00008.717 00008.691 00008.791 00008.891 00009.002 00009.116 00009.269 00009.438 00009.650 00009.930 00010.261 00010.737 00019.684 00020.018 00020.215 00020.425 00020.630 00020.836 00021.017 00021.104 00021.169 00021.241 00021.310 00021.376 00021.440 00021.506 00021.576 00021.646 00021.715 00021.784 00021.852 00021.921 00021.988 00022.098 00022.173 00022.264
00007.173 00007.119 00007.158 00007.204 00007.251 00007.304 00007.363 00007.424 00007.500 00007.578 00007.664 00007.764 00007.882 00008.026 00008.275 00008.436 00008.637 00008.884 00009.181 00009.624 00009.667 00009.740 00009.629 00009.189 00009.111 00009.035 00009.127 00009.230 00009.343 00009.476 00009.623 00009.829 00010.235 00019.775 00020.308 00020.445 00020.546 00020.683 00020.837 00020.985 00021.076 00021.141 00021.201 00021.260 00021.318 00021.376 00021.443 00021.510 00021.576 00021.640 00021.704 00021.770 00021.839 00021.907 00021.975 00022.075 00022.193 00022.311 00022.430 00022.536
00007.522 00007.468 00007.459 00007.504 00007.549 00007.597 00007.654 00007.716 00007.779 00007.859 00007.941 00008.052 00008.165 00008.391 00008.616 00008.733 00008.908 00009.119 00009.354 00009.757 00019.503 00019.626 00019.559 00009.703 00009.600 00009.504 00009.509 00009.633 00009.761 00009.921 00010.445 00019.656 00020.072 00020.350 00020.650 00021.020 00021.089 00021.122 00021.162 00021.206 00021.248 00021.300 00021.354 00021.408 00021.465 00021.521 00021.577 00021.639 00021.706 00021.773 00021.836 00021.898 00021.961 00022.050 00022.169 00022.288 00022.406 00022.523 00022.640 00022.758
00007.885 00007.831 00007.777 00007.820 00007.863 00007.910 00007.961 00008.022 00008.082 00008.143 00008.241 00008.452 00008.731 00009.002 00009.138 00009.166 00009.185 00009.382 00009.649 00009.954 00019.808 00020.396 00020.416 00019.749 00019.466 00010.512 00010.006 00019.048 00019.636 00019.915 00020.169 00020.375 00020.599 00020.847 00021.039 00021.131 00021.240 00021.318 00021.347 00021.381 00021.420 00021.457 00021.505 00021.558 00021.609 00021.664 00021.719 00021.775 00021.834 00021.899 00021.964 00022.050 00022.160 00022.270 00022.383 00022.501 00022.618 00022.733 00022.848 00022.963
00008.225 00008.178 00008.135 00008.141 00008.178 00008.215 00008.261 00008.311 00008.372 00008.436 00008.529 00008.754 00009.092 00009.785 00009.877 00009.814 00009.731 00009.695 00010.032 00019.679 00020.224 00020.585 00020.962 00020.616 00020.444 00020.301 00020.188 00020.244 00020.411 00020.572 00020.735 00020.924 00021.049 00021.127 00021.200 00021.271 00021.340 00021.415 00021.537 00021.561 00021.590 00021.627 00021.662 00021.706 00021.756 00021.805 00021.858 00021.914 00021.969 00022.045 00022.157 00022.272 00022.389 00022.502 00022.610 00022.718 00022.828 00022.943 00023.044 00023.129
00008.551 00008.502 00008.459 00008.449 00008.486 00008.524 00008.569 00008.620 00008.683 00008.756 00008.838 00008.944 00009.156 00009.707 00019.317 00019.839 00019.643 00019.473 00019.709 00020.271 00020.590 00020.932 00021.114 00021.147 00021.081 00021.006 00020.919 00020.844 00020.993 00021.062 00021.120 00021.169 00021.226 00021.281 00021.336 00021.405 00021.473 00021.541 00021.610 00021.700 00021.773 00021.795 00021.830 00021.863 00021.904 00021.951 00021.998 00022.087 00022.185 00022.284 00022.383 00022.484 00022.599 00022.715 00022.832 00022.942 00023.036 00023.116 00023.191 00023.265
00008.914 00008.855 00008.808 00008.779 00008.820 00008.862 00008.907 00008.963 00009.017 00009.097 00009.186 00009.306 00009.439 00009.642 00019.086 00020.261 00020.550 00020.557 00020.566 00020.883 00021.070 00021.198 00021.351 00021.395 00021.337 00021.273 00021.237 00021.208 00021.207 00021.249 00021.291 00021.335 00021.380 00021.434 00021.487 00021.541 00021.603 00021.670 00021.738 00021.808 00021.878 00021.989 00021.997 00022.051 00022.105 00022.170 00022.254 00022.338 00022.425 00022.523 00022.620 00022.716 00022.812 00022.919 00023.026 00023.114 00023.191 00023.260 00023.328 00023.399
00009.346 00009.264 00009.208 00009.153 00009.189 00009.234 00009.283 00009.337 00009.399 00009.476 00009.580 00009.715 00009.896 00010.519 00019.791 00020.234 00020.741 00021.135 00021.196 00021.318 00021.490 00021.604 00021.740 00021.697 00021.576 00021.512 00021.458 00021.431 00021.404 00021.420 00021.459 00021.497 00021.541 00021.585 00021.636 00021.689 00021.741 00021.799 00021.865 00021.930 00021.999 00022.122 00022.247 00022.364 00022.409 00022.452 00022.509 00022.593 00022.678 00022.762 00022.853 00022.947 00023.031 00023.103 00023.171 00023.248 00023.324 00023.399 00023.466 00023.534
00009.780 00009.773 00009.701 00009.633 00009.623 00009.674 00009.730 00009.787 00009.873 00009.961 00010.362 00019.456 00019.866 00020.161 00020.444 00020.727 00021.002 00021.114 00021.241 00021.386 00021.512 00021.656 00021.910 00022.048 00022.135 00022.082 00021.881 00021.832 00021.713 00021.603 00021.627 00021.664 00021.700 00021.743 00021.786 00021.835 00021.887 00021.939 00021.992 00022.099 00022.214 00022.328 00022.452 00022.581 00022.714 00022.771 00022.801 00022.847 00022.931 00023.010 00023.069 00023.132 00023.192 00023.253 00023.314 00023.377 00023.453 00023.528 00023.603 00023.670
00019.519 00019.882 00019.678 00019.512 00019.330 00019.509 00019.666 00019.881 00020.015 00020.083 00020.183 00020.337 00020.495 00020.710 00020.920 00021.077 00021.165 00021.245 00021.327 00021.411 00021.496 00021.607 00021.758 00021.915 00022.036 00022.213 00022.653 00022.446 00022.177 00022.016 00021.935 00021.972 00021.929 00021.901 00021.942 00021.984 00022.055 00022.146 00022.236 00022.326 00022.430 00022.545 00022.661 00022.776 00022.903 00023.034 00023.090 00023.107 00023.136 00023.186 00023.237 00023.285 00023.340 00023.399 00023.458 00023.519 00023.580 00023.654 00023.729 00023.804
00020.273 00020.541 00020.534 00020.447 00020.359 00020.401 00020.465 00020.589 00020.733 00020.775 00020.817 00020.930 00021.031 00021.098 00021.162 00021.225 00021.291 00021.367 00021.443 00021.524 00021.607 00021.693 00021.783 00021.876 00021.973 00022.126 00022.475 00022.777 00023.032 00022.887 00022.731 00022.779 00022.724 00022.528 00022.392 00022.375 00022.365 00022.400 00022.490 00022.579 00022.667 00022.756 00022.869 00022.983 00023.074 00023.159 00023.261 00023.300 00023.312 00023.345 00023.393 00023.442 00023.490 00023.544 00023.601 00023.660 00023.720 00023.781 00023.854 00023.928
00020.766 00021.007 00021.110 00021.072 00021.030 00021.020 00021.048 00021.077 00021.129 00021.166 00021.178 00021.190 00021.229 00021.271 00021.313 00021.372 00021.431 00021.489 00021.564 00021.638 00021.713 00021.798 00021.886 00021.972 00022.103 00022.284 00022.487 00022.682 00022.854 00022.997 00023.444 00023.436 00023.444 00023.301 00023.174 00023.133 00022.949 00022.740 00022.748 00022.833 00022.914 00023.001 00023.066 00023.142 00023.217 00023.292 00023.365 00023.471 00023.500 00023.510 00023.550 00023.596 00023.644 00023.691 00023.745 00023.802 00023.860 00023.920 00023.980 00024.049
00021.104 00021.178 00021.255 00021.319 00021.287 00021.256 00021.263 00021.282 00021.304 00021.346 00021.377 00021.388 00021.399 00021.438 00021.479 00021.519 00021.575 00021.632 00021.690 00021.757 00021.830 00021.903 00021.980 00022.107 00022.248 00022.393 00022.541 00022.695 00022.853 00023.027 00023.298 00023.603 00023.852 00023.920 00023.781 00023.738 00023.615 00023.389 00023.192 00023.176 00023.169 00023.173 00023.230 00023.286 00023.352 00023.426 00023.498 00023.570 00023.681 00023.696 00023.706 00023.751 00023.797 00023.843 00023.890 00023.944 00024.000 00024.055 00024.110 00024.164
00021.273 00021.321 00021.385 00021.464 00021.518 00021.483 00021.453 00021.471 00021.490 00021.513 00021.554 00021.580 00021.591 00021.603 00021.643 00021.682 00021.722 00021.774 00021.831 00021.887 00021.947 00022.033 00022.157 00022.280 00022.403 00022.544 00022.690 00022.839 00022.982 00023.120 00023.294 00023.506 00023.676 00023.825 00024.204 00024.301 00024.217 00024.015 00023.765 00023.499 00023.401 00023.377 00023.385 00023.440 00023.495 00023.558 00023.630 00023.702 00023.772 00023.882 00023.889 00023.906 00023.950 00023.994 00024.038 00024.082 00024.132 00024.182 00024.235 00024.289
