Assets/WUInity/Farsite/test_dataset/Ashley/output/test.toa
NCOLS 382
NROWS 266
XLLCORNER 157819.328125
YLLCORNER 384678.625000
CELLSIZE 30.000000
NODATA_VALUE -1
[rows 182 to 207 of 266, columns 300 to 359 of 382]
00006.042 00006.144 00006.106 00006.060 00006.053 00006.068 00006.164 00006.390 00006.616 00006.862 00007.162 00007.383 00007.571 00007.848 00008.141 00008.433 00008.596 00008.609 00008.622 00008.746 00008.876 00008.980 00009.069 00009.300 00009.535 00009.768 00010.619 00011.656 00020.184 00020.677 00021.791 00025.825 00027.787 00029.198 00028.278 00026.215 00025.072 00024.221 00023.051 00022.942 00023.076 00023.201 00023.172 00023.091 00023.196 00023.296 00023.398 00023.499 00023.607 00023.703 00023.808 00023.917 00024.029 00024.139 00024.254 00024.397 00024.551 00024.692 00024.822 00024.954
00006.034 00006.082 00006.034 00006.020 00006.035 00006.135 00006.349 00006.549 00006.754 00006.930 00007.031 00007.306 00007.583 00007.871 00008.201 00008.383 00008.396 00008.410 00008.495 00008.632 00008.768 00008.832 00008.990 00009.213 00009.394 00009.797 00011.510 00019.923 00020.988 00024.366 00026.801 00027.882 00027.277 00025.550 00023.376 00022.628 00022.628 00022.631 00022.733 00022.894 00023.029 00023.111 00022.954 00023.066 00023.183 00023.295 00023.409 00023.526 00023.633 00023.743 00023.857 00023.971 00024.091 00024.208 00024.334 00024.480 00024.628 00024.773 00024.921 00025.067
00005.931 00005.968 00005.973 00006.006 00006.106 00006.309 00006.599 00006.647 00006.705 00006.872 00007.093 00007.338 00007.629 00007.970 00008.206 00008.192 00008.207 00008.238 00008.396 00008.534 00008.651 00008.734 00008.957 00009.154 00009.471 00010.941 00017.300 00022.840 00026.532 00028.747 00027.314 00025.045 00023.284 00022.236 00022.427 00022.470 00022.502 00022.587 00022.693 00022.846 00022.992 00022.913 00022.899 00023.057 00023.181 00023.312 00023.436 00023.551 00023.669 00023.791 00023.912 00024.037 00024.160 00024.277 00024.405 00024.555 00024.719 00024.887 00025.008 00025.113
00005.895 00005.932 00005.990 00006.042 00006.235 00006.427 00006.481 00006.544 00006.752 00006.939 00007.163 00007.410 00007.658 00007.925 00007.977 00008.010 00008.036 00008.167 00008.316 00008.468 00008.562 00008.721 00008.951 00009.241 00009.693 00014.133 00020.449 00024.340 00026.862 00024.504 00023.569 00022.229 00022.141 00022.168 00022.270 00022.364 00022.462 00022.555 00022.648 00022.781 00022.843 00022.773 00022.907 00023.053 00023.203 00023.341 00023.462 00023.586 00023.719 00023.846 00023.974 00024.098 00024.215 00024.333 00024.468 00024.627 00024.777 00024.905 00025.010 00025.132
00005.935 00005.979 00006.031 00006.144 00006.250 00006.295 00006.454 00006.647 00006.830 00007.007 00007.178 00007.367 00007.628 00007.744 00007.794 00007.848 00007.934 00008.109 00008.274 00008.394 00008.487 00008.711 00009.051 00009.350 00012.541 00018.343 00022.558 00023.517 00021.988 00021.706 00021.767 00021.985 00022.017 00022.095 00022.195 00022.301 00022.408 00022.514 00022.617 00022.736 00022.685 00022.751 00022.912 00023.081 00023.231 00023.370 00023.506 00023.643 00023.772 00023.902 00024.028 00024.152 00024.273 00024.398 00024.523 00024.650 00024.794 00024.939 00025.067 00025.189
00005.988 00006.052 00006.127 00006.189 00006.269 00006.373 00006.564 00006.699 00006.824 00006.963 00007.171 00007.344 00007.503 00007.589 00007.671 00007.735 00007.906 00008.070 00008.228 00008.326 00008.456 00008.772 00009.386 00013.573 00020.178 00023.311 00021.818 00020.672 00020.739 00020.977 00021.404 00021.725 00021.901 00022.002 00022.109 00022.238 00022.375 00022.526 00022.640 00022.591 00022.584 00022.772 00022.947 00023.109 00023.273 00023.422 00023.561 00023.692 00023.825 00023.959 00024.089 00024.216 00024.340 00024.455 00024.581 00024.729 00024.868 00025.003 00025.126 00025.250
00006.072 00006.152 00006.222 00006.288 00006.351 00006.410 00006.532 00006.651 00006.800 00006.994 00007.083 00007.236 00007.392 00007.505 00007.576 00007.727 00007.883 00008.052 00008.184 00008.301 00008.441 00009.028 00010.260 00012.241 00019.777 00020.804 00020.485 00020.474 00020.769 00021.077 00021.358 00021.622 00021.823 00021.964 00022.113 00022.259 00022.370 00022.397 00022.455 00022.497 00022.628 00022.807 00022.994 00023.170 00023.328 00023.470 00023.607 00023.751 00023.891 00024.025 00024.160 00024.294 00024.424 00024.554 00024.684 00024.815 00024.959 00025.097 00025.231 00025.375
00006.152 00006.219 00006.280 00006.339 00006.398 00006.459 00006.540 00006.659 00006.765 00006.824 00006.947 00007.098 00007.332 00007.458 00007.570 00007.744 00007.929 00008.062 00008.162 00008.336 00008.473 00008.672 00009.047 00009.389 00010.135 00020.091 00020.276 00020.525 00020.892 00021.252 00021.402 00021.763 00021.892 00021.994 00022.048 00022.095 00022.128 00022.215 00022.361 00022.426 00022.666 00022.866 00023.066 00023.230 00023.381 00023.531 00023.680 00023.824 00023.972 00024.116 00024.247 00024.384 00024.521 00024.654 00024.791 00024.934 00025.075 00025.216 00025.358 00025.516
00006.201 00006.267 00006.327 00006.392 00006.460 00006.535 00006.628 00006.702 00006.802 00006.880 00007.004 00007.158 00007.315 00007.434 00007.651 00007.830 00007.953 00008.069 00008.235 00008.395 00008.566 00008.836 00009.129 00009.505 00019.769 00020.126 00020.395 00020.630 00021.207 00021.355 00021.660 00021.799 00021.675 00021.811 00021.868 00021.915 00022.009 00022.177 00022.303 00022.516 00022.743 00022.952 00023.143 00023.305 00023.454 00023.606 00023.759 00023.898 00024.043 00024.185 00024.333 00024.481 00024.622 00024.765 00024.917 00025.067 00025.215 00025.364 00025.521 00025.689
00006.257 00006.318 00006.392 00006.466 00006.554 00006.646 00006.734 00006.814 00006.909 00006.978 00007.068 00007.179 00007.301 00007.558 00007.732 00007.860 00007.977 00008.152 00008.331 00008.531 00008.844 00009.177 00009.510 00010.107 00019.687 00020.314 00020.769 00020.995 00021.437 00021.596 00021.596 00021.560 00021.624 00021.706 00021.768 00021.877 00022.015 00022.157 00022.379 00022.617 00022.848 00023.066 00023.232 00023.379 00023.520 00023.663 00023.808 00023.956 00024.112 00024.270 00024.428 00024.579 00024.733 00024.893 00025.052 00025.203 00025.348 00025.496 00025.646 00025.814
00006.332 00006.399 00006.476 00006.566 00006.658 00006.740 00006.824 00006.889 00006.947 00006.998 00007.099 00007.245 00007.454 00007.633 00007.768 00007.914 00008.071 00008.264 00008.491 00008.903 00009.242 00009.387 00009.680 00009.974 00010.420 00020.754 00020.944 00021.278 00021.483 00021.505 00021.494 00021.569 00021.626 00021.693 00021.793 00021.894 00022.019 00022.259 00022.519 00022.763 00022.988 00023.163 00023.298 00023.440 00023.576 00023.717 00023.868 00024.027 00024.192 00024.360 00024.524 00024.693 00024.865 00025.032 00025.182 00025.323 00025.463 00025.602 00025.750 00025.911
00006.421 00006.492 00006.575 00006.662 00006.737 00006.801 00006.862 00006.918 00006.968 00007.054 00007.211 00007.375 00007.543 00007.714 00007.859 00008.004 00008.226 00008.495 00008.871 00009.034 00009.248 00009.495 00009.725 00010.205 00020.132 00020.831 00021.206 00021.353 00021.400 00021.436 00021.515 00021.583 00021.668 00021.750 00021.817 00021.920 00022.179 00022.442 00022.691 00022.964 00023.074 00023.232 00023.382 00023.520 00023.659 00023.796 00023.942 00024.107 00024.280 00024.450 00024.619 00024.785 00024.946 00025.110 00025.267 00025.418 00025.560 00025.708 00025.862 00026.014
00006.519 00006.589 00006.659 00006.723 00006.781 00006.836 00006.889 00006.954 00007.046 00007.189 00007.340 00007.508 00007.671 00007.822 00007.980 00008.195 00008.442 00008.679 00008.874 00009.107 00009.401 00009.714 00010.204 00019.816 00020.248 00021.113 00021.210 00021.285 00021.370 00021.456 00021.536 00021.648 00021.740 00021.820 00021.929 00022.128 00022.424 00022.675 00022.825 00022.986 00023.157 00023.323 00023.477 00023.615 00023.749 00023.885 00024.034 00024.193 00024.363 00024.536 00024.703 00024.863 00025.035 00025.216 00025.389 00025.544 00025.690 00025.832 00025.971 00026.110
00006.608 00006.667 00006.726 00006.784 00006.842 00006.900 00006.960 00007.041 00007.177 00007.323 00007.478 00007.638 00007.793 00007.954 00008.137 00008.331 00008.542 00008.724 00008.941 00009.249 00009.697 00010.480 00020.003 00020.403 00020.825 00021.029 00021.164 00021.290 00021.386 00021.480 00021.624 00021.758 00021.846 00021.929 00022.071 00022.305 00022.550 00022.701 00022.884 00023.071 00023.246 00023.414 00023.568 00023.715 00023.846 00023.979 00024.126 00024.288 00024.465 00024.645 00024.829 00025.016 00025.210 00025.417 00025.613 00025.766 00025.912 00026.053 00026.182 00026.297
00006.704 00006.759 00006.813 00006.867 00006.922 00006.978 00007.073 00007.199 00007.337 00007.483 00007.631 00007.781 00007.930 00008.087 00008.250 00008.436 00008.634 00008.826 00009.010 00009.382 00009.812 00019.551 00020.241 00020.639 00020.944 00021.107 00021.226 00021.321 00021.429 00021.526 00021.674 00021.822 00021.910 00021.992 00022.210 00022.384 00022.581 00022.780 00022.977 00023.157 00023.333 00023.507 00023.676 00023.825 00023.962 00024.101 00024.247 00024.402 00024.568 00024.750 00024.929 00025.101 00025.285 00025.490 00025.703 00025.870 00026.023 00026.153 00026.282 00026.416
00006.806 00006.859 00006.911 00006.963 00007.031 00007.136 00007.244 00007.370 00007.505 00007.642 00007.783 00007.924 00008.070 00008.223 00008.395 00008.567 00008.733 00008.905 00009.137 00009.495 00009.914 00019.856 00020.398 00020.788 00021.050 00021.174 00021.279 00021.380 00021.482 00021.577 00021.678 00021.847 00021.933 00022.043 00022.209 00022.430 00022.662 00022.877 00023.063 00023.239 00023.430 00023.625 00023.786 00023.921 00024.051 00024.186 00024.322 00024.470 00024.636 00024.811 00024.980 00025.149 00025.328 00025.547 00025.780 00025.950 00026.087 00026.205 00026.332 00026.465
00006.907 00006.960 00007.026 00007.133 00007.240 00007.349 00007.461 00007.575 00007.692 00007.812 00007.941 00008.087 00008.236 00008.388 00008.542 00008.702 00008.875 00009.070 00009.303 00009.605 00010.143 00020.070 00020.539 00020.923 00021.118 00021.229 00021.336 00021.437 00021.531 00021.618 00021.735 00021.855 00021.928 00022.028 00022.266 00022.512 00022.758 00022.962 00023.144 00023.327 00023.513 00023.686 00023.838 00023.977 00024.117 00024.252 00024.385 00024.528 00024.687 00024.858 00025.028 00025.190 00025.373 00025.604 00025.805 00025.999 00026.137 00026.249 00026.373 00026.505
00007.017 00007.127 00007.236 00007.346 00007.457 00007.571 00007.685 00007.800 00007.918 00008.041 00008.164 00008.291 00008.421 00008.562 00008.721 00008.889 00009.077 00009.303 00009.568 00009.869 00019.466 00020.223 00020.684 00021.033 00021.170 00021.282 00021.388 00021.490 00021.586 00021.675 00021.789 00021.857 00021.940 00022.103 00022.361 00022.632 00022.850 00023.047 00023.225 00023.401 00023.574 00023.740 00023.895 00024.042 00024.183 00024.312 00024.438 00024.579 00024.727 00024.895 00025.067 00025.231 00025.412 00025.621 00025.823 00026.020 00026.158 00026.282 00026.412 00026.545
00007.239 00007.345 00007.454 00007.569 00007.684 00007.801 00007.921 00008.039 00008.152 00008.267 00008.392 00008.524 00008.660 00008.801 00008.950 00009.111 00009.321 00009.576 00009.869 00019.582 00020.222 00020.589 00020.928 00021.107 00021.224 00021.335 00021.442 00021.546 00021.646 00021.736 00021.817 00021.895 00021.991 00022.191 00022.482 00022.722 00022.911 00023.088 00023.259 00023.439 00023.615 00023.786 00023.957 00024.111 00024.245 00024.363 00024.473 00024.601 00024.760 00024.932 00025.107 00025.281 00025.462 00025.643 00025.833 00026.026 00026.171 00026.299 00026.432 00026.602
00007.471 00007.580 00007.690 00007.801 00007.919 00008.042 00008.162 00008.276 00008.391 00008.512 00008.637 00008.768 00008.912 00009.065 00009.233 00009.418 00009.616 00009.889 00019.691 00020.292 00020.655 00020.983 00021.122 00021.220 00021.311 00021.400 00021.496 00021.601 00021.701 00021.793 00021.872 00021.957 00022.094 00022.330 00022.563 00022.770 00022.954 00023.121 00023.289 00023.471 00023.648 00023.823 00023.997 00024.164 00024.300 00024.409 00024.518 00024.640 00024.788 00024.963 00025.148 00025.332 00025.515 00025.696 00025.865 00026.029 00026.174 00026.304 00026.438 00026.617
00007.711 00007.822 00007.934 00008.048 00008.160 00008.274 00008.397 00008.525 00008.652 00008.774 00008.905 00009.049 00009.202 00009.375 00009.568 00009.783 00010.104 00019.812 00020.296 00020.666 00021.006 00021.136 00021.234 00021.325 00021.414 00021.503 00021.590 00021.677 00021.763 00021.856 00021.944 00022.060 00022.237 00022.429 00022.620 00022.804 00022.983 00023.149 00023.319 00023.503 00023.682 00023.861 00024.037 00024.203 00024.335 00024.447 00024.569 00024.714 00024.863 00025.016 00025.187 00025.386 00025.586 00025.747 00025.912 00026.066 00026.189 00026.307 00026.442 00026.623
00007.958 00008.071 00008.180 00008.289 00008.403 00008.525 00008.652 00008.785 00008.921 00009.062 00009.208 00009.368 00009.547 00009.743 00009.983 00019.516 00020.059 00020.407 00020.722 00021.010 00021.137 00021.238 00021.334 00021.427 00021.518 00021.604 00021.690 00021.775 00021.861 00021.944 00022.045 00022.191 00022.345 00022.496 00022.664 00022.833 00023.010 00023.178 00023.345 00023.517 00023.672 00023.858 00024.059 00024.248 00024.379 00024.492 00024.609 00024.768 00024.941 00025.100 00025.277 00025.535 00025.776 00025.908 00026.001 00026.100 00026.221 00026.345 00026.473 00026.627
00008.203 00008.316 00008.432 00008.550 00008.668 00008.794 00008.931 00009.071 00009.218 00009.379 00009.560 00009.751 00009.974 00019.432 00019.945 00020.276 00020.563 00020.858 00021.067 00021.166 00021.252 00021.335 00021.429 00021.522 00021.614 00021.704 00021.791 00021.875 00021.958 00022.068 00022.209 00022.354 00022.500 00022.648 00022.788 00022.933 00023.075 00023.224 00023.374 00023.529 00023.648 00023.787 00023.983 00024.178 00024.301 00024.410 00024.530 00024.624 00024.741 00024.866 00025.207 00025.451 00025.626 00025.747 00025.837 00025.934 00026.050 00026.167 00026.327 00026.490
00008.446 00008.571 00008.696 00008.821 00008.949 00009.086 00009.230 00009.389 00009.559 00009.749 00009.984 00019.317 00019.907 00020.261 00020.518 00020.764 00021.013 00021.122 00021.206 00021.289 00021.372 00021.453 00021.534 00021.616 00021.707 00021.796 00021.884 00021.971 00022.095 00022.233 00022.370 00022.508 00022.646 00022.782 00022.907 00023.031 00023.157 00023.291 00023.445 00023.590 00023.710 00023.838 00023.967 00024.123 00024.245 00024.314 00024.362 00024.447 00024.607 00024.823 00025.125 00025.377 00025.537 00025.648 00025.748 00025.869 00026.011 00026.129 00026.245 00026.391
00008.706 00008.842 00008.979 00009.119 00009.259 00009.409 00009.577 00009.761 00009.974 00019.647 00020.036 00020.158 00020.392 00020.721 00021.006 00021.106 00021.179 00021.254 00021.333 00021.412 00021.489 00021.569 00021.649 00021.728 00021.807 00021.888 00021.975 00022.103 00022.246 00022.388 00022.529 00022.670 00022.805 00022.935 00023.051 00023.155 00023.259 00023.380 00023.519 00023.655 00023.774 00023.879 00023.975 00024.095 00024.203 00024.303 00024.410 00024.524 00024.637 00024.794 00025.040 00025.328 00025.486 00025.644 00025.782 00025.889 00026.005 00026.133 00026.285 00026.459
00008.987 00009.134 00009.289 00009.449 00009.620 00009.796 00010.006 00019.700 00020.144 00020.417 00020.674 00020.834 00020.908 00021.053 00021.158 00021.247 00021.321 00021.390 00021.458 00021.534 00021.610 00021.686 00021.762 00021.840 00021.917 00021.994 00022.123 00022.256 00022.397 00022.539 00022.679 00022.818 00022.956 00023.075 00023.179 00023.276 00023.381 00023.498 00023.619 00023.739 00023.847 00023.945 00024.042 00024.154 00024.267 00024.375 00024.479 00024.582 00024.691 00024.871 00025.092 00025.325 00025.498 00025.682 00025.813 00025.921 00026.037 00026.192 00026.358 00026.507
