Assets/WUInity/Farsite/test_dataset/Ashley/output/test.sdr
NCOLS 382
NROWS 266
XLLCORNER 157819.328125
YLLCORNER 384678.625000
CELLSIZE 30.000000
NODATA_VALUE -1
[rows 42 to 83 of 266, columns 188 to 281 of 382]
350 015 015 023 022 017 016 016 033 033 354 354 354 052 052 063 026 027 028 063 072 -01 -01 -01 -01 -01 -01 -01 -01 -01 -01 -01 -01 -01 -01 -01 -01 -01 -01 -01 -01 -01 -01 -01 -01 -01 -01 -01 -01 -01 -01 -01 -01 -01 -01 -01 -01 -01 -01 -01 -01 -01 -01 -01 -01 -01 -01 -01 -01 -01 -01 -01 -01 -01 -01 -01 -01 -01 -01 -01 -01 -01 -01 -01 -01 -01 -01 -01 -01 -01 -01 -01 -01 -01
352 014 014 024 024 018 017 029 031 071 354 354 059 054 052 063 026 026 045 055 069 -01 -01 -01 -01 -01 -01 -01 -01 -01 -01 -01 -01 -01 -01 -01 -01 -01 -01 -01 -01 -01 -01 -01 -01 -01 -01 -01 -01 -01 -01 -01 -01 -01 -01 -01 -01 -01 -01 -01 -01 -01 -01 -01 -01 -01 -01 -01 -01 -01 -01 -01 -01 -01 -01 -01 -01 -01 -01 -01 -01 -01 -01 -01 -01 -01 -01 -01 -01 -01 -01 -01 -01 -01
355 017 017 024 025 022 023 025 047 344 359 359 060 057 068 029 028 031 034 059 063 -01 -01 -01 -01 -01 -01 -01 -01 -01 -01 -01 -01 -01 -01 -01 -01 -01 -01 -01 -01 -01 -01 -01 -01 -01 -01 -01 -01 -01 -01 -01 -01 -01 -01 -01 -01 -01 -01 -01 -01 -01 -01 -01 -01 -01 -01 -01 -01 -01 -01 -01 -01 -01 -01 -01 -01 -01 -01 -01 -01 -01 -01 -01 -01 -01 -01 -01 -01 -01 -01 -01 -01 -01
001 018 018 021 027 025 024 022 036 005 005 005 060 059 069 031 030 029 056 060 060 076 -01 -01 -01 -01 -01 -01 -01 -01 -01 -01 -01 -01 -01 -01 -01 -01 -01 -01 -01 -01 -01 -01 -01 -01 -01 -01 -01 -01 -01 -01 -01 -01 -01 -01 -01 -01 -01 -01 -01 -01 -01 -01 -01 -01 -01 -01 -01 -01 -01 -01 -01 -01 -01 -01 -01 -01 -01 -01 -01 -01 -01 -01 -01 -01 -01 -01 -01 -01 -01 -01 -01 -01
009 019 019 018 029 028 027 027 354 009 008 056 059 059 038 033 031 044 051 058 088 072 -01 -01 -01 -01 -01 -01 -01 -01 -01 -01 -01 -01 -01 -01 -01 -01 -01 -01 -01 -01 -01 -01 -01 -01 -01 -01 -01 -01 -01 -01 -01 -01 -01 -01 -01 -01 -01 -01 -01 -01 -01 -01 -01 -01 -01 -01 -01 -01 -01 -01 -01 -01 -01 -01 -01 -01 -01 -01 -01 -01 -01 -01 -01 -01 -01 -01 -01 -01 -01 -01 -01 -01
022 018 019 019 026 028 029 354 354 009 009 060 062 055 044 039 040 042 092 093 088 073 071 -01 -01 -01 -01 -01 -01 -01 -01 -01 -01 -01 -01 -01 -01 -01 -01 -01 -01 -01 -01 -01 -01 -01 -01 -01 -01 -01 -01 -01 -01 -01 -01 -01 -01 -01 -01 -01 -01 -01 -01 -01 -01 -01 -01 -01 -01 -01 -01 -01 -01 -01 -01 -01 -01 -01 -01 -01 -01 -01 -01 -01 -01 -01 -01 -01 -01 -01 -01 -01 -01 -01
025 024 016 045 025 028 029 002 010 011 011 064 066 051 050 044 043 083 092 093 075 075 082 -01 -01 -01 -01 -01 -01 -01 -01 -01 -01 -01 -01 -01 -01 -01 -01 -01 -01 -01 -01 -01 -01 -01 -01 -01 -01 -01 -01 -01 -01 -01 -01 -01 -01 -01 -01 -01 -01 012 -01 -01 -01 -01 -01 -01 -01 -01 -01 -01 -01 -01 -01 -01 -01 -01 -01 -01 -01 -01 -01 -01 -01 -01 -01 -01 -01 -01 -01 -01 -01 -01
063 061 038 068 045 045 032 032 064 038 083 062 066 050 052 048 061 083 093 341 075 075 082 -01 -01 -01 -01 -01 -01 -01 -01 -01 -01 -01 -01 -01 -01 -01 -01 -01 -01 -01 -01 -01 -01 -01 -01 -01 -01 -01 -01 -01 -01 -01 -01 -01 -01 -01 -01 -01 322 029 024 048 -01 -01 -01 -01 -01 -01 -01 -01 -01 -01 -01 -01 -01 -01 -01 -01 -01 -01 -01 -01 -01 -01 -01 -01 -01 -01 -01 -01 -01 -01
078 074 083 079 068 106 071 113 090 104 097 072 054 050 043 041 048 109 350 353 075 080 082 -01 -01 -01 -01 -01 -01 -01 -01 -01 -01 -01 -01 -01 -01 -01 -01 -01 -01 -01 -01 -01 -01 -01 -01 -01 -01 -01 -01 -01 -01 -01 -01 -01 -01 -01 -01 297 319 035 032 050 047 -01 -01 -01 -01 -01 -01 -01 -01 -01 -01 -01 -01 -01 -01 -01 -01 -01 -01 -01 -01 -01 -01 -01 -01 -01 -01 -01 -01 -01
078 087 084 081 100 109 116 117 110 104 097 109 071 053 049 099 103 000 000 080 078 080 088 -01 -01 -01 -01 -01 -01 -01 -01 -01 -01 -01 -01 -01 -01 -01 -01 -01 -01 -01 -01 -01 -01 -01 -01 -01 -01 -01 -01 -01 -01 -01 -01 -01 -01 -01 -01 309 326 041 035 054 050 073 -01 -01 -01 -01 -01 -01 -01 -01 -01 -01 -01 -01 -01 -01 -01 -01 -01 -01 -01 -01 -01 -01 -01 -01 -01 -01 -01 -01
089 087 084 097 100 103 114 115 110 123 111 108 081 102 091 100 105 004 004 081 078 092 088 -01 -01 -01 -01 -01 -01 -01 -01 -01 -01 -01 -01 -01 -01 -01 -01 -01 -01 -01 -01 -01 -01 -01 -01 -01 -01 -01 -01 -01 -01 -01 -01 -01 -01 333 332 358 052 050 073 062 083 073 -01 -01 -01 -01 -01 -01 -01 -01 -01 -01 -01 -01 -01 -01 -01 -01 -01 -01 -01 -01 -01 -01 -01 -01 -01 -01 -01 -01
089 094 093 097 099 110 117 125 123 128 118 116 116 102 092 103 010 009 096 082 096 092 091 -01 -01 -01 -01 -01 -01 -01 -01 -01 -01 -01 -01 -01 -01 -01 -01 -01 -01 -01 -01 -01 -01 -01 -01 -01 -01 -01 -01 -01 -01 -01 -01 319 328 331 059 055 053 052 075 077 085 074 -01 -01 -01 -01 -01 -01 -01 -01 -01 -01 -01 -01 -01 -01 -01 -01 -01 -01 -01 -01 -01 -01 -01 -01 -01 -01 -01 -01
093 094 093 091 099 112 121 127 128 127 117 116 116 102 072 017 016 014 095 097 096 093 091 -01 -01 -01 -01 -01 -01 -01 -01 -01 -01 -01 -01 -01 -01 -01 -01 -01 -01 -01 -01 -01 -01 -01 -01 -01 -01 -01 -01 -01 -01 -01 319 323 345 355 060 057 054 076 077 077 085 075 127 -01 -01 -01 -01 -01 -01 -01 -01 -01 -01 -01 -01 -01 -01 -01 -01 -01 -01 -01 -01 -01 -01 -01 -01 -01 -01 -01
093 095 092 091 103 116 126 136 140 137 132 133 137 122 070 051 033 019 095 084 091 093 093 -01 -01 -01 -01 -01 -01 -01 -01 -01 -01 -01 -01 -01 -01 -01 -01 -01 -01 -01 -01 -01 -01 -01 -01 -01 -01 -01 -01 -01 -01 329 325 040 031 018 064 059 079 077 076 078 124 127 -01 -01 -01 -01 -01 -01 -01 -01 -01 -01 -01 -01 -01 -01 -01 -01 -01 -01 -01 -01 -01 -01 -01 -01 -01 -01 -01 -01
093 095 122 120 114 126 136 140 137 132 133 142 145 145 115 069 051 102 071 083 091 093 093 -01 -01 -01 -01 -01 -01 -01 -01 -01 -01 -01 -01 -01 -01 -01 -01 -01 -01 -01 -01 -01 -01 -01 -01 -01 -01 -01 -01 330 333 346 351 048 040 077 067 062 081 077 094 120 126 -01 -01 -01 -01 -01 -01 -01 -01 -01 -01 -01 -01 -01 -01 -01 -01 -01 -01 -01 -01 -01 -01 -01 -01 -01 -01 -01 -01 -01
121 122 121 115 113 115 127 138 135 132 134 145 149 150 149 141 126 087 071 063 053 046 040 037 -01 -01 -01 -01 -01 -01 -01 -01 -01 -01 -01 -01 -01 -01 -01 -01 -01 -01 -01 -01 342 342 344 351 004 342 343 345 358 358 073 065 084 077 067 088 081 088 102 125 -01 -01 -01 -01 -01 -01 -01 -01 -01 -01 -01 -01 -01 -01 -01 -01 -01 -01 -01 -01 -01 -01 -01 -01 -01 -01 -01 -01 -01 -01
121 135 147 149 147 127 138 145 147 146 143 150 149 146 141 141 118 098 070 067 059 052 046 041 038 037 -01 -01 -01 -01 -01 -01 -01 -01 -01 -01 -01 -01 -01 -01 -01 -01 335 336 345 345 346 347 328 325 012 012 029 029 079 065 084 081 086 088 086 094 114 115 -01 -01 -01 -01 -01 -01 -01 -01 -01 -01 -01 -01 -01 -01 -01 -01 -01 -01 -01 -01 -01 -01 -01 -01 -01 -01 -01 -01 -01 -01
135 155 148 146 146 150 154 157 144 144 146 150 152 149 141 144 148 153 147 142 063 061 063 062 061 056 054 -01 -01 -01 -01 -01 -01 -01 -01 -01 -01 -01 -01 -01 -01 336 337 337 348 349 346 345 338 354 057 034 051 087 079 085 084 082 086 085 086 094 114 -01 -01 -01 -01 -01 -01 -01 -01 -01 -01 -01 -01 -01 -01 -01 -01 -01 -01 -01 -01 -01 -01 -01 -01 -01 -01 -01 -01 -01 -01 -01
139 195 190 148 151 153 164 166 166 167 151 165 168 148 158 161 154 158 141 136 132 129 062 063 062 063 055 -01 -01 -01 -01 -01 -01 -01 -01 -01 -01 -01 -01 323 324 337 337 351 352 349 353 357 027 092 077 066 062 087 087 085 081 082 086 085 086 121 -01 -01 -01 -01 -01 -01 -01 -01 -01 -01 -01 -01 -01 -01 -01 -01 -01 -01 -01 -01 -01 -01 -01 -01 -01 -01 -01 -01 -01 -01 -01 -01
131 204 209 201 155 159 158 178 178 170 171 176 176 177 161 163 166 162 164 132 129 127 126 124 062 063 064 067 -01 -01 -01 -01 -01 -01 -01 -01 -01 -01 324 323 322 336 346 347 347 029 029 072 059 092 071 066 087 087 087 081 081 087 086 098 115 123 -01 -01 -01 -01 -01 -01 -01 -01 -01 -01 -01 -01 -01 -01 -01 -01 -01 -01 -01 -01 -01 -01 -01 -01 -01 -01 -01 -01 -01 -01 -01 -01
121 104 215 212 158 157 157 159 184 174 174 174 182 182 170 171 172 173 161 161 128 126 124 123 122 121 120 066 -01 -01 -01 -01 -01 -01 -01 -01 -01 324 323 322 321 354 354 006 006 068 072 072 090 092 065 081 087 087 081 081 084 087 100 098 123 060 -01 -01 -01 -01 -01 -01 -01 -01 -01 -01 -01 -01 -01 -01 -01 -01 -01 -01 -01 -01 -01 -01 -01 -01 -01 -01 -01 -01 -01 -01 -01 -01
120 113 229 218 214 155 157 161 190 189 181 181 185 185 184 183 183 173 161 160 160 125 123 124 121 121 119 118 -01 -01 -01 -01 -01 -01 -01 323 323 323 324 325 337 017 006 013 013 068 072 073 090 060 079 081 087 081 081 083 084 097 100 087 075 064 -01 -01 -01 -01 -01 -01 -01 -01 -01 -01 -01 -01 -01 -01 -01 -01 -01 -01 -01 -01 -01 -01 -01 -01 -01 -01 -01 -01 -01 -01 -01 -01
120 109 -01 218 219 159 161 165 151 197 189 188 186 185 193 190 185 185 169 160 161 161 162 127 128 129 118 117 -01 -01 -01 -01 -01 -01 -01 310 324 324 329 350 355 022 022 022 066 068 068 085 062 057 079 081 081 081 080 083 087 097 099 087 108 104 -01 -01 -01 -01 -01 -01 -01 -01 -01 -01 -01 -01 -01 -01 -01 -01 -01 -01 -01 -01 -01 -01 -01 -01 -01 -01 -01 -01 -01 -01 -01 -01
153 107 -01 -01 216 169 172 165 165 212 206 199 194 188 188 193 182 182 167 166 164 166 167 170 129 131 141 -01 -01 -01 -01 -01 -01 -01 309 311 323 323 000 000 000 024 023 023 064 068 080 061 062 083 079 081 081 081 080 085 087 094 101 113 106 104 -01 -01 -01 -01 -01 -01 -01 -01 -01 -01 -01 -01 -01 -01 -01 -01 -01 -01 -01 -01 -01 -01 -01 -01 -01 -01 -01 -01 -01 -01 -01 -01
-01 -01 -01 -01 -01 -01 184 184 167 167 215 205 198 198 187 183 183 178 175 165 167 168 174 174 174 141 -01 -01 -01 -01 -01 -01 -01 308 311 313 316 313 010 010 005 024 024 024 064 072 080 055 075 083 084 081 081 084 085 085 093 094 107 109 105 -01 -01 -01 -01 -01 -01 -01 -01 -01 -01 001 005 008 033 -01 -01 -01 -01 -01 -01 -01 -01 -01 -01 -01 -01 -01 -01 -01 -01 -01 -01 -01
-01 -01 -01 -01 -01 -01 -01 -01 -01 -01 -01 211 210 198 182 182 167 167 166 163 -01 -01 -01 -01 -01 -01 -01 -01 -01 -01 -01 -01 -01 265 275 316 313 315 009 009 009 024 024 065 064 070 044 048 072 078 084 081 090 084 085 088 093 094 112 119 109 -01 -01 -01 -01 -01 -01 -01 -01 -01 -01 000 000 000 040 062 -01 -01 -01 -01 -01 -01 -01 -01 -01 -01 -01 -01 -01 -01 -01 -01 -01 -01
-01 -01 -01 -01 -01 -01 -01 -01 -01 -01 -01 -01 -01 194 198 177 160 -01 -01 -01 -01 -01 -01 -01 -01 -01 -01 -01 -01 -01 -01 -01 -01 262 275 272 311 318 009 009 008 026 026 064 066 069 041 071 072 075 084 094 090 092 083 088 103 098 117 129 126 -01 -01 -01 -01 -01 -01 -01 -01 -01 284 049 036 067 062 065 -01 -01 -01 -01 -01 -01 -01 -01 -01 -01 -01 -01 -01 -01 -01 -01 -01 -01
-01 -01 -01 -01 -01 -01 -01 -01 -01 -01 -01 -01 -01 -01 -01 -01 -01 -01 -01 -01 -01 -01 -01 -01 -01 -01 -01 -01 -01 -01 -01 -01 -01 273 252 266 310 322 013 010 028 028 028 062 065 039 039 071 070 075 091 094 096 092 083 105 102 109 095 093 -01 -01 -01 -01 -01 -01 -01 -01 -01 -01 309 070 049 069 067 062 056 -01 -01 -01 -01 -01 -01 -01 -01 -01 -01 -01 -01 -01 -01 -01 -01 -01
-01 -01 -01 -01 -01 -01 -01 -01 -01 -01 -01 -01 -01 -01 -01 -01 -01 -01 -01 -01 -01 -01 -01 -01 -01 349 349 350 005 005 017 -01 -01 298 297 263 332 000 000 015 025 025 028 060 049 039 077 072 070 089 091 096 096 108 110 105 106 102 095 093 -01 -01 -01 -01 -01 -01 -01 012 -01 307 321 083 049 069 067 100 081 055 -01 -01 -01 -01 -01 -01 -01 -01 -01 -01 -01 -01 -01 -01 -01 -01
-01 -01 -01 -01 -01 358 013 -01 -01 -01 -01 -01 -01 -01 -01 -01 -01 -01 -01 -01 -01 -01 340 341 341 353 353 000 000 045 068 092 -01 299 295 287 019 019 016 019 024 024 064 059 057 049 081 074 091 089 091 098 103 110 097 103 106 099 124 -01 335 346 004 005 023 336 335 011 012 336 357 088 080 077 103 100 081 056 -01 -01 -01 -01 -01 -01 -01 -01 -01 -01 -01 -01 -01 -01 -01 -01
356 356 352 356 355 011 011 012 012 012 013 -01 -01 -01 -01 -01 -01 -01 346 009 345 346 342 343 357 357 359 359 022 029 050 104 292 297 292 283 332 021 019 023 022 022 064 065 062 084 081 095 091 089 095 098 100 101 097 108 093 116 003 338 344 358 358 009 335 352 003 003 107 048 048 088 080 110 103 100 117 098 059 -01 -01 -01 -01 -01 -01 -01 -01 -01 -01 -01 -01 -01 -01 -01
355 351 354 354 007 007 010 010 018 018 019 021 049 -01 -01 336 335 342 341 007 345 345 344 343 002 002 011 012 012 013 096 -01 288 280 275 332 002 021 021 027 027 023 065 064 080 084 091 093 090 093 099 101 100 113 109 108 015 013 350 354 354 358 008 021 024 026 014 107 103 079 100 088 111 107 112 114 116 098 103 055 -01 -01 -01 -01 -01 -01 -01 -01 -01 -01 -01 -01 -01 -01
351 351 351 004 005 005 018 018 018 027 029 034 007 007 012 335 336 338 002 002 324 342 341 010 009 009 009 026 036 055 101 255 285 278 274 252 025 025 022 030 030 066 065 085 080 082 091 087 090 093 099 101 111 113 108 086 080 040 022 018 045 048 036 021 021 107 108 107 105 104 107 110 110 111 114 115 118 114 096 105 098 -01 -01 -01 -01 -01 -01 -01 -01 -01 -01 -01 -01 -01
351 351 001 001 001 014 016 018 019 021 024 009 008 008 009 338 338 339 000 325 328 340 342 007 006 028 017 017 020 096 107 259 238 231 230 233 262 031 025 035 032 066 066 085 079 082 085 087 090 091 093 107 111 096 089 086 085 111 112 072 052 045 048 111 107 105 107 104 104 104 108 111 113 114 113 118 122 121 104 102 098 -01 -01 -01 -01 -01 -01 -01 -01 -01 -01 -01 -01 -01
351 004 003 008 008 009 011 046 047 344 344 009 009 028 333 340 340 340 359 336 341 341 007 007 017 019 023 034 051 102 -01 286 292 300 281 277 275 311 040 038 035 069 083 085 079 091 085 084 090 091 097 094 096 096 089 111 111 112 117 121 122 116 112 111 113 112 107 104 104 122 112 113 115 112 117 116 121 120 104 102 125 -01 -01 -01 -01 -01 -01 -01 -01 -01 -01 -01 -01 -01
010 010 009 009 041 039 037 043 000 340 010 010 012 013 333 340 341 341 340 339 339 337 003 004 075 087 097 133 142 108 312 320 294 298 296 277 275 324 054 044 074 074 083 096 100 091 102 093 090 091 091 094 096 111 111 111 111 112 117 122 120 116 111 111 132 136 137 134 127 114 112 116 117 118 118 116 133 136 123 125 125 -01 -01 -01 -01 -01 -01 -01 -01 -01 -01 -01 -01 -01
013 039 042 043 044 041 345 350 335 005 008 010 027 315 332 340 340 340 340 341 336 359 359 050 068 087 133 005 002 047 034 332 334 298 295 291 289 037 056 048 075 074 085 096 098 110 102 117 101 091 091 098 106 113 117 112 117 125 124 124 133 135 131 132 136 137 141 142 140 129 122 116 120 124 129 133 136 133 124 125 -01 -01 -01 -01 -01 -01 -01 -01 -01 -01 -01 -01 -01 -01
009 008 055 057 345 346 341 346 329 354 349 013 051 327 330 339 338 341 341 341 346 348 018 034 054 048 032 028 024 053 047 334 335 336 293 291 289 315 058 056 077 084 085 090 106 113 117 114 101 116 097 102 111 119 115 117 122 124 124 097 098 102 118 120 123 124 125 130 132 131 127 119 122 129 135 139 141 110 125 -01 -01 -01 -01 -01 -01 -01 -01 -01 -01 -01 -01 -01 -01 -01
056 041 351 351 356 357 353 330 348 345 011 011 325 325 327 336 336 341 351 351 348 351 356 356 059 052 036 033 055 055 052 012 335 335 022 026 310 344 057 073 077 083 086 094 109 106 116 121 119 110 098 106 107 107 106 103 101 099 099 097 102 118 125 131 138 141 142 142 142 141 123 122 126 135 141 145 145 130 090 -01 -01 -01 -01 -01 -01 -01 -01 -01 -01 -01 -01 -01 -01 -01
000 354 354 358 358 355 354 334 345 345 004 325 322 319 323 335 333 014 012 003 354 355 355 022 045 057 038 036 053 055 065 254 017 356 356 041 057 039 066 072 076 083 086 095 099 111 120 121 125 127 121 111 107 107 105 101 101 099 096 097 105 125 131 138 142 142 142 142 141 137 130 129 131 135 137 143 152 152 149 -01 -01 -01 -01 -01 -01 -01 -01 -01 -01 -01 -01 -01 -01 -01
357 357 358 358 356 000 340 346 346 002 002 321 320 313 319 331 023 020 008 357 358 357 357 007 008 036 037 038 050 054 065 254 047 049 076 065 080 081 074 072 075 096 095 095 099 109 116 123 127 125 117 124 126 132 132 132 131 123 119 122 118 131 140 148 154 156 161 141 140 137 130 121 116 137 152 152 163 149 -01 -01 -01 -01 -01 -01 -01 -01 -01 -01 -01 -01 -01 -01 -01 -01
000 359 359 358 350 005 351 352 004 004 003 320 324 320 336 332 026 025 012 356 356 358 008 008 008 021 021 051 047 057 062 072 280 047 073 078 080 081 076 108 100 096 095 095 100 105 109 116 118 122 124 126 132 132 132 131 130 123 120 125 121 114 108 101 103 110 118 118 172 172 169 119 116 109 099 099 -01 -01 -01 -01 -01 -01 -01 -01 -01 -01 -01 -01 -01 -01 -01 -01 -01 -01
