Assets/WUInity/Farsite/test_dataset/Ashley/output/test.sdr
NCOLS 382
NROWS 266
XLLCORNER 157819.328125
YLLCORNER 384678.625000
CELLSIZE 30.000000
NODATA_VALUE -1
[rows 84 to 125 of 266, columns 188 to 281 of 382]
000 000 359 359 001 357 357 008 007 348 349 328 333 358 333 334 028 027 014 355 356 356 009 009 021 021 021 055 050 055 030 070 263 301 070 078 080 083 113 105 099 110 107 106 104 107 111 117 122 121 118 117 117 121 123 119 111 119 123 114 112 110 101 102 110 114 120 127 128 121 114 112 109 130 125 -01 -01 -01 -01 -01 -01 -01 -01 -01 -01 -01 -01 -01 -01 -01 -01 -01 -01 -01
359 359 066 006 355 354 356 044 353 354 333 344 045 035 336 026 027 015 015 355 355 008 008 008 022 022 055 056 053 050 028 070 278 313 070 076 115 114 113 113 111 109 106 105 104 108 116 121 122 119 117 116 117 123 119 119 111 113 114 113 112 109 122 112 109 120 130 136 142 138 135 134 134 096 -01 -01 -01 -01 -01 -01 -01 -01 -01 -01 -01 -01 -01 -01 -01 -01 -01 -01 -01 -01
357 016 005 344 353 356 341 347 346 042 000 000 045 046 346 025 025 021 357 357 357 007 007 019 021 022 054 054 053 053 068 071 069 078 096 116 115 124 132 113 110 108 107 115 127 127 129 134 139 141 146 150 155 162 162 167 154 114 119 119 122 122 115 112 114 125 119 124 130 121 097 100 127 128 -01 -01 -01 -01 -01 -01 -01 -01 -01 -01 -01 -01 -01 -01 -01 -01 -01 -01 -01 -01
000 327 358 350 350 354 343 345 048 335 016 014 045 045 359 028 026 029 359 359 359 010 009 016 017 056 054 055 054 042 068 098 066 060 100 130 116 133 143 146 153 152 109 132 127 146 134 138 154 150 156 161 167 176 176 143 138 123 118 121 125 131 127 122 112 115 119 131 138 137 127 127 128 -01 -01 -01 -01 -01 -01 -01 -01 -01 -01 -01 -01 -01 -01 -01 -01 -01 -01 -01 -01 -01
325 338 313 338 340 338 338 338 051 314 025 023 046 045 015 033 030 032 002 002 013 012 015 014 061 057 061 057 067 015 052 072 071 050 053 016 146 158 163 166 169 167 167 169 168 169 168 178 175 175 189 183 181 181 166 161 156 162 119 123 131 138 144 146 111 119 131 138 139 129 115 110 115 -01 -01 -01 -01 -01 -01 -01 -01 -01 -01 -01 -01 -01 -01 -01 -01 -01 -01 -01 -01 -01
321 337 302 319 318 323 335 321 054 319 027 026 048 046 024 036 032 032 006 006 015 014 017 017 060 062 062 072 356 356 045 072 069 048 051 074 062 080 162 160 157 163 170 170 165 162 159 194 194 190 188 188 188 169 166 161 173 194 184 184 140 144 142 139 133 133 134 141 150 152 147 144 -01 -01 -01 -01 -01 -01 -01 -01 -01 -01 -01 -01 -01 -01 -01 -01 -01 -01 -01 -01 -01 -01
305 332 297 310 303 306 321 022 039 318 029 028 050 048 028 038 034 033 019 014 019 019 019 058 059 061 069 072 353 357 357 063 068 044 049 068 076 082 057 169 156 152 167 161 159 -01 -01 -01 -01 203 198 189 191 177 176 153 141 228 205 140 149 153 155 156 133 138 139 152 151 151 143 -01 -01 -01 -01 -01 -01 -01 -01 -01 -01 -01 -01 -01 -01 -01 -01 -01 -01 -01 -01 -01 -01 -01
305 326 297 306 300 303 316 357 017 314 032 030 053 080 031 040 035 034 031 021 021 019 019 058 058 060 067 353 354 329 324 058 065 041 044 057 068 059 060 053 063 057 160 -01 -01 -01 -01 -01 -01 -01 -01 -01 184 184 163 -01 -01 239 227 172 177 177 153 151 153 139 142 146 150 -01 -01 -01 -01 -01 -01 -01 -01 -01 -01 -01 -01 -01 -01 -01 -01 -01 -01 -01 -01 -01 -01 -01 -01 -01
307 320 298 305 303 304 311 328 352 304 039 066 059 028 033 042 040 036 037 023 022 021 020 058 058 065 066 356 356 324 327 052 002 041 041 055 057 057 061 058 079 062 085 -01 -01 -01 -01 -01 -01 -01 -01 -01 -01 -01 -01 -01 -01 -01 223 211 181 181 181 154 155 146 148 148 -01 -01 -01 -01 -01 -01 -01 -01 -01 -01 -01 -01 -01 -01 -01 -01 -01 -01 -01 -01 -01 -01 -01 -01 -01 -01
310 321 302 307 303 307 311 325 331 298 048 068 062 039 034 041 042 041 039 027 024 023 059 058 067 065 357 357 303 328 330 052 040 045 041 056 056 061 058 075 080 069 085 -01 -01 -01 -01 -01 -01 -01 -01 -01 -01 -01 -01 -01 -01 -01 237 182 182 181 181 157 157 148 -01 -01 -01 -01 -01 -01 -01 -01 -01 -01 -01 -01 -01 -01 -01 -01 -01 -01 -01 -01 -01 -01 -01 -01 -01 -01 -01 -01
314 323 306 310 305 311 325 330 056 298 062 069 080 042 033 039 041 042 038 031 029 027 060 065 068 332 352 352 297 330 056 053 037 047 045 056 063 062 056 071 080 088 086 -01 -01 -01 -01 -01 -01 -01 -01 -01 -01 -01 -01 -01 -01 -01 -01 -01 -01 -01 185 159 -01 -01 -01 -01 -01 -01 -01 -01 -01 -01 -01 -01 -01 -01 -01 -01 -01 -01 -01 -01 -01 -01 -01 -01 -01 -01 -01 -01 -01 -01
316 323 310 313 310 314 324 324 048 297 057 067 079 042 031 036 038 040 035 032 032 062 062 066 067 340 352 357 296 333 059 055 042 051 051 052 063 063 001 061 068 088 112 -01 -01 -01 -01 -01 -01 -01 -01 -01 -01 -01 -01 -01 -01 -01 -01 -01 -01 -01 -01 -01 -01 -01 -01 -01 -01 -01 -01 -01 -01 -01 -01 -01 -01 -01 -01 -01 -01 -01 -01 -01 -01 -01 -01 -01 -01 -01 -01 -01 -01 -01
321 327 312 317 316 320 325 032 037 296 046 069 078 042 031 033 033 033 034 031 032 061 064 067 340 351 351 346 295 337 061 049 044 052 047 051 062 063 005 054 059 088 -01 -01 -01 -01 -01 -01 -01 -01 -01 -01 -01 -01 -01 -01 -01 -01 -01 -01 -01 -01 -01 -01 -01 -01 -01 -01 -01 -01 -01 -01 -01 -01 -01 -01 -01 -01 -01 -01 -01 -01 -01 -01 -01 -01 -01 -01 -01 -01 -01 -01 -01 -01
327 330 315 319 322 325 330 027 029 294 030 068 039 041 027 029 032 031 032 031 062 062 061 342 348 351 351 335 337 337 056 051 055 054 040 047 064 080 023 055 056 077 -01 -01 -01 -01 -01 -01 -01 -01 -01 -01 -01 -01 -01 -01 -01 -01 -01 -01 -01 -01 -01 -01 -01 -01 -01 -01 -01 -01 -01 -01 -01 -01 -01 -01 -01 -01 -01 -01 -01 -01 -01 -01 -01 -01 -01 -01 -01 -01 -01 -01 -01 -01
331 315 320 323 330 333 023 023 025 292 001 067 037 038 024 027 028 031 031 031 060 062 062 000 000 000 335 336 339 049 054 051 053 055 037 045 060 081 029 055 055 077 082 -01 -01 -01 -01 -01 -01 -01 -01 -01 -01 -01 -01 -01 -01 -01 -01 -01 -01 -01 -01 -01 -01 -01 -01 -01 -01 -01 -01 -01 -01 -01 -01 -01 -01 -01 -01 -01 -01 -01 -01 -01 -01 -01 -01 -01 -01 -01 -01 -01 -01 -01
332 300 324 333 337 340 022 022 308 291 331 067 035 036 022 028 028 031 031 031 059 062 067 009 009 009 340 343 341 045 049 051 051 033 033 037 083 042 030 056 079 080 082 -01 -01 -01 -01 -01 -01 -01 -01 -01 -01 -01 -01 -01 -01 -01 -01 -01 -01 -01 -01 -01 -01 -01 -01 -01 -01 -01 -01 -01 -01 -01 -01 -01 -01 -01 -01 -01 -01 -01 -01 -01 -01 -01 -01 -01 -01 -01 -01 -01 -01 -01
335 325 326 343 345 026 023 022 309 291 315 070 034 034 023 030 029 031 031 031 059 060 064 017 016 346 350 300 345 044 045 051 051 036 033 033 084 069 027 084 080 080 079 -01 -01 -01 -01 -01 -01 -01 -01 -01 -01 -01 -01 -01 -01 -01 -01 -01 -01 -01 -01 -01 -01 -01 -01 -01 -01 -01 -01 -01 -01 -01 -01 -01 -01 -01 -01 -01 -01 -01 -01 -01 -01 -01 -01 -01 -01 -01 -01 -01 -01 -01
033 327 328 344 025 026 027 030 312 293 303 073 033 033 024 033 031 032 032 059 059 063 023 020 019 000 000 312 356 042 043 052 051 039 036 090 084 094 065 085 080 078 079 -01 -01 -01 -01 -01 -01 -01 -01 -01 -01 -01 -01 -01 -01 -01 -01 -01 -01 -01 -01 -01 -01 -01 -01 -01 -01 -01 -01 -01 -01 -01 -01 -01 -01 -01 -01 -01 -01 -01 -01 -01 -01 -01 -01 -01 -01 -01 -01 -01 -01 -01
025 328 328 336 025 025 025 050 322 294 299 074 018 033 025 032 033 031 032 059 059 063 025 024 023 009 005 317 000 039 041 052 051 045 088 090 085 093 079 085 083 078 080 -01 -01 -01 -01 -01 -01 -01 -01 -01 -01 -01 -01 -01 -01 -01 -01 -01 -01 -01 -01 -01 -01 -01 -01 -01 -01 -01 -01 -01 -01 -01 -01 -01 -01 -01 -01 -01 -01 -01 -01 -01 -01 -01 -01 -01 -01 -01 -01 -01 -01 -01
316 328 333 014 017 021 045 322 342 298 296 019 020 030 024 030 031 028 030 059 060 062 025 026 018 017 317 319 000 041 039 056 054 048 088 090 102 090 081 088 084 084 081 -01 -01 -01 -01 -01 -01 -01 -01 -01 -01 -01 -01 -01 -01 -01 -01 -01 -01 -01 -01 -01 -01 -01 -01 -01 -01 -01 -01 -01 -01 -01 -01 -01 -01 -01 -01 -01 -01 -01 -01 -01 -01 -01 -01 -01 -01 -01 -01 -01 -01 -01
318 331 332 004 006 040 042 000 000 278 007 015 025 026 024 029 029 027 061 059 059 061 024 024 021 020 319 324 357 044 041 059 059 082 088 110 087 090 104 088 084 084 081 -01 -01 -01 -01 -01 -01 -01 -01 -01 -01 -01 -01 -01 -01 -01 -01 -01 -01 -01 -01 -01 -01 -01 -01 -01 -01 -01 -01 -01 -01 -01 -01 -01 -01 -01 -01 -01 -01 -01 -01 -01 -01 -01 -01 -01 -01 -01 -01 -01 -01 -01
316 333 333 355 355 038 350 008 008 281 336 012 025 025 022 031 029 029 062 060 059 352 024 024 026 057 326 358 358 042 052 058 071 082 101 067 087 100 103 088 123 124 121 -01 -01 -01 -01 -01 -01 -01 -01 -01 -01 -01 -01 -01 -01 -01 -01 -01 -01 -01 -01 -01 -01 -01 -01 -01 -01 -01 -01 -01 -01 -01 -01 -01 -01 -01 -01 -01 -01 -01 -01 -01 -01 -01 -01 -01 -01 -01 -01 -01 -01 -01
315 332 354 354 035 039 347 010 041 291 314 357 025 025 022 034 032 030 063 061 350 025 025 027 027 054 341 002 002 037 045 054 066 081 051 062 091 102 122 124 124 125 -01 -01 -01 -01 -01 -01 -01 -01 -01 -01 -01 -01 -01 -01 -01 -01 -01 -01 -01 -01 -01 -01 -01 -01 -01 -01 -01 -01 -01 -01 -01 -01 -01 -01 -01 -01 -01 -01 -01 -01 -01 -01 -01 -01 -01 -01 -01 -01 -01 -01 -01 -01
331 330 356 357 032 340 005 006 037 297 310 332 024 025 025 035 035 033 064 083 350 025 025 027 048 052 345 009 008 027 032 045 057 078 043 055 092 109 133 052 035 073 077 -01 -01 -01 -01 -01 -01 -01 -01 -01 -01 -01 -01 -01 -01 -01 -01 -01 -01 -01 -01 -01 -01 -01 -01 -01 -01 -01 -01 -01 -01 -01 -01 -01 -01 -01 -01 -01 -01 -01 -01 -01 -01 -01 -01 -01 -01 -01 -01 -01 -01 -01
329 326 357 026 027 340 359 036 038 308 316 325 023 024 028 034 035 068 065 081 348 024 024 025 043 348 345 008 009 021 022 053 055 038 039 084 092 039 028 052 067 072 077 -01 -01 -01 -01 -01 -01 -01 -01 -01 -01 -01 -01 -01 -01 -01 -01 -01 -01 -01 -01 -01 -01 -01 -01 -01 -01 -01 -01 -01 -01 -01 -01 -01 -01 -01 -01 -01 -01 -01 -01 -01 -01 -01 -01 -01 -01 -01 -01 -01 -01 -01
325 353 352 021 346 348 352 036 036 023 322 326 025 024 028 032 034 069 071 349 349 022 023 038 040 352 005 006 019 019 019 053 038 039 084 084 087 064 049 051 064 072 075 -01 -01 -01 -01 -01 -01 -01 -01 -01 -01 -01 -01 -01 -01 -01 -01 -01 -01 -01 -01 -01 -01 -01 -01 -01 -01 -01 -01 -01 -01 -01 -01 -01 -01 -01 -01 -01 -01 -01 -01 -01 -01 -01 -01 -01 -01 -01 -01 -01 -01 -01
321 345 008 011 354 355 355 032 036 016 326 329 025 026 023 026 030 069 069 349 020 021 021 036 352 353 003 003 019 019 054 053 036 082 084 085 087 089 070 050 059 069 075 -01 -01 -01 -01 -01 -01 -01 -01 -01 -01 -01 -01 -01 -01 -01 -01 -01 -01 -01 -01 -01 -01 -01 -01 -01 -01 -01 -01 -01 -01 -01 -01 -01 -01 -01 -01 -01 -01 -01 -01 -01 -01 -01 -01 -01 -01 -01 -01 -01 -01 -01
341 340 355 355 358 358 026 028 009 010 330 332 024 025 016 019 069 070 350 350 019 019 032 034 354 332 002 002 018 055 054 032 034 082 083 086 088 089 078 057 127 122 119 116 -01 -01 -01 -01 -01 -01 -01 -01 -01 -01 -01 -01 -01 -01 -01 -01 -01 -01 -01 -01 -01 -01 -01 -01 -01 -01 -01 -01 -01 -01 -01 -01 -01 -01 -01 -01 -01 -01 -01 -01 -01 -01 -01 -01 -01 -01 -01 -01 -01 -01
345 347 008 346 344 343 027 025 003 004 334 333 052 023 012 013 069 070 352 017 018 018 031 354 354 328 001 015 015 055 029 030 080 082 086 086 088 120 122 129 123 120 118 -01 -01 -01 -01 -01 -01 -01 -01 -01 -01 -01 -01 -01 -01 -01 -01 -01 -01 -01 -01 -01 -01 -01 -01 -01 -01 -01 -01 -01 -01 -01 -01 -01 -01 -01 -01 -01 -01 -01 -01 -01 -01 -01 -01 -01 -01 -01 -01 -01 -01 -01
354 007 007 342 343 031 030 029 358 358 344 000 054 051 049 087 070 354 354 017 017 042 029 354 354 002 002 011 055 056 027 079 080 090 086 086 107 136 132 131 129 119 116 -01 -01 -01 -01 -01 -01 -01 -01 -01 -01 -01 -01 -01 -01 -01 -01 -01 -01 -01 -01 -01 -01 -01 -01 -01 -01 -01 -01 -01 -01 -01 -01 -01 -01 -01 -01 -01 -01 -01 -01 -01 -01 -01 -01 -01 -01 -01 -01 -01 -01 -01
329 012 011 344 359 010 031 009 009 009 058 057 056 054 073 087 350 351 039 042 076 061 042 030 311 341 104 105 072 021 079 079 093 090 086 086 142 146 144 129 128 121 -01 -01 -01 -01 -01 -01 -01 -01 -01 -01 -01 -01 -01 -01 -01 -01 -01 -01 -01 -01 -01 -01 -01 -01 -01 -01 -01 -01 -01 -01 -01 -01 -01 -01 -01 -01 -01 -01 -01 -01 -01 -01 -01 -01 -01 -01 -01 -01 -01 -01 -01 -01
331 337 018 017 017 010 010 041 026 056 056 059 057 054 073 087 017 003 090 106 075 071 052 120 336 104 104 105 123 117 079 096 093 103 127 140 140 142 142 136 123 119 -01 -01 -01 -01 -01 -01 -01 -01 -01 -01 -01 -01 -01 -01 -01 -01 -01 -01 -01 -01 -01 -01 -01 -01 -01 -01 -01 -01 -01 -01 -01 -01 -01 -01 -01 -01 -01 -01 -01 -01 -01 -01 -01 -01 -01 -01 -01 -01 -01 -01 -01 -01
338 340 016 018 011 011 046 048 041 054 056 059 057 076 075 076 055 101 115 106 109 052 105 331 109 103 128 127 126 137 097 104 101 118 129 140 141 136 136 135 133 -01 -01 -01 -01 -01 -01 -01 -01 -01 -01 -01 -01 -01 -01 -01 -01 -01 -01 -01 -01 -01 -01 -01 -01 -01 -01 -01 -01 -01 -01 -01 -01 -01 -01 -01 -01 -01 -01 -01 -01 -01 -01 -01 -01 -01 -01 -01 -01 -01 -01 -01 -01 -01
340 340 015 015 013 013 046 046 048 054 054 057 077 076 075 076 116 116 113 126 097 103 013 013 106 128 127 140 137 139 103 104 117 124 127 122 117 137 136 133 -01 -01 -01 -01 -01 -01 -01 -01 -01 -01 -01 -01 -01 -01 -01 -01 -01 -01 -01 -01 -01 -01 -01 -01 -01 -01 -01 -01 -01 -01 -01 -01 -01 -01 -01 -01 -01 -01 -01 -01 -01 -01 -01 -01 -01 -01 -01 -01 -01 -01 -01 -01 -01 -01
340 339 014 014 014 014 044 046 051 052 052 054 077 077 075 116 117 115 128 130 121 107 071 114 129 140 140 140 138 122 104 103 124 122 120 116 113 110 137 -01 -01 -01 -01 -01 -01 -01 -01 -01 -01 -01 -01 -01 -01 -01 -01 -01 -01 338 356 356 017 016 016 004 356 356 359 359 000 000 000 010 -01 -01 -01 -01 -01 -01 -01 -01 -01 -01 -01 -01 -01 -01 -01 -01 -01 -01 -01 -01 338 338
339 014 014 013 013 044 044 044 050 051 051 076 077 077 117 116 132 132 130 129 124 136 132 128 151 156 168 169 169 160 156 153 161 121 118 116 117 117 -01 -01 -01 -01 -01 -01 -01 -01 -01 -01 -01 -01 -01 -01 -01 -01 -01 -01 290 350 351 354 019 018 005 005 356 356 359 359 000 000 012 011 012 012 011 011 011 -01 -01 -01 -01 -01 -01 -01 -01 -01 -01 -01 -01 -01 330 331 338 338
339 013 013 013 013 043 044 049 050 050 074 075 077 120 133 132 132 131 143 140 136 140 139 137 126 125 123 013 014 015 084 076 066 187 116 119 118 116 -01 -01 -01 -01 -01 -01 -01 -01 -01 -01 -01 352 353 013 -01 -01 -01 -01 296 313 354 354 021 021 006 005 356 356 359 359 000 000 012 012 012 012 012 012 016 016 015 015 010 -01 -01 -01 -01 -01 -01 -01 332 336 331 331 338 337
337 013 013 013 043 043 043 049 049 050 074 075 121 133 144 146 145 143 142 141 140 139 137 126 111 071 010 011 011 062 085 078 069 061 051 121 120 -01 -01 -01 -01 -01 -01 -01 344 353 356 356 355 356 014 014 012 011 012 280 311 312 357 359 021 021 310 006 358 358 359 359 359 359 013 012 014 013 013 017 017 017 013 012 012 011 023 022 021 -01 289 333 334 336 331 338 338 339
337 013 013 013 042 043 049 049 049 076 075 109 139 134 146 148 148 149 149 148 147 146 135 066 068 071 008 008 066 061 086 083 080 075 069 070 117 -01 -01 350 350 351 351 344 350 337 346 346 340 008 011 014 018 017 016 015 306 319 004 018 018 021 346 005 359 359 000 000 000 000 013 013 014 014 019 018 018 015 014 014 026 025 024 025 027 034 309 336 337 337 331 340 347 350
013 013 013 039 041 042 048 049 076 076 091 114 137 154 164 148 150 151 152 152 152 150 327 066 067 007 007 072 068 064 086 084 080 077 071 069 071 329 337 356 356 353 355 001 049 326 337 340 340 347 347 013 012 012 018 021 320 335 008 010 036 011 348 004 358 358 358 000 000 016 015 015 015 018 021 020 017 017 025 025 026 026 026 026 026 025 308 304 340 341 330 349 349 351
013 013 013 039 039 046 047 048 076 076 105 083 085 078 206 174 174 173 153 153 318 331 042 049 006 006 076 073 070 066 109 102 093 087 082 068 340 340 346 351 003 003 003 027 033 343 337 340 340 341 357 356 354 014 014 348 351 359 359 026 340 009 346 003 358 358 358 003 002 018 017 017 019 018 018 011 012 018 023 033 044 050 052 049 049 309 306 302 330 329 349 350 040 012
013 013 037 037 037 046 046 075 076 076 083 083 085 079 021 174 038 168 340 327 329 327 042 042 000 000 077 074 091 106 106 100 093 087 082 341 347 350 352 352 000 000 020 020 345 345 340 340 342 343 353 353 000 000 355 355 354 354 020 021 342 001 345 002 357 357 357 004 004 020 020 021 021 020 007 007 042 060 072 094 121 044 051 057 092 298 303 306 322 338 352 359 054 050
