Assets/WUInity/Farsite/test_dataset/Ashley/output/test.toa
NCOLS 382
NROWS 266
XLLCORNER 157819.328125
YLLCORNER 384678.625000
CELLSIZE 30.000000
NODATA_VALUE -1
[rows 130 to 155 of 266, columns 120 to 179 of 382]
00026.887 00026.117 00025.272 00024.380 00023.440 00022.408 00021.318 00020.027 00012.999 00010.689 00009.321 00008.560 00007.915 00006.986 00006.311 00005.704 00005.349 00005.154 00004.963 00004.774 00004.586 00004.402 00004.222 00004.063 00003.928 00003.810 00003.692 00003.567 00003.451 00003.335 00003.217 00003.106 00003.005 00002.897 00002.803 00002.712 00002.621 00002.534 00002.460 00002.400 00002.356 00002.320 00002.400 00002.581 00002.356 00002.030 00001.901 00001.776 00001.715 00001.658 00001.616 00001.577 00001.553 00001.528 00001.573 00001.647 00001.909 00002.121 00002.210 00002.184
00027.301 00026.230 00025.365 00024.510 00023.587 00022.524 00021.414 00020.160 00018.832 00010.969 00009.549 00008.655 00008.017 00007.044 00006.350 00005.737 00005.382 00005.186 00004.995 00004.805 00004.617 00004.432 00004.250 00004.071 00003.928 00003.807 00003.691 00003.572 00003.446 00003.331 00003.214 00003.097 00002.991 00002.886 00002.780 00002.691 00002.597 00002.510 00002.431 00002.370 00002.326 00002.318 00002.457 00002.434 00002.596 00002.147 00001.893 00001.741 00001.673 00001.613 00001.572 00001.532 00001.507 00001.502 00001.561 00001.662 00001.944 00002.075 00002.048 00002.049
00028.241 00026.358 00025.728 00024.859 00023.792 00022.800 00021.928 00020.995 00019.397 00011.533 00009.897 00008.809 00008.100 00007.111 00006.390 00005.774 00005.414 00005.218 00005.028 00004.836 00004.647 00004.461 00004.280 00004.101 00003.939 00003.804 00003.687 00003.572 00003.451 00003.327 00003.213 00003.096 00002.979 00002.876 00002.766 00002.671 00002.576 00002.487 00002.402 00002.339 00002.273 00002.298 00002.254 00002.421 00002.436 00002.394 00001.945 00001.709 00001.630 00001.569 00001.526 00001.486 00001.455 00001.485 00001.576 00001.791 00001.912 00001.874 00001.863 00001.890
-0001.000 -0001.000 -0001.000 00025.816 00024.141 00023.815 00022.712 00021.958 00019.841 00018.682 00011.021 00009.075 00008.726 00008.334 00006.980 00005.813 00005.476 00005.279 00005.087 00004.887 00004.682 00004.489 00004.305 00004.126 00003.962 00003.822 00003.683 00003.568 00003.453 00003.335 00003.212 00003.098 00002.981 00002.867 00002.760 00002.652 00002.559 00002.463 00002.374 00002.305 00002.241 00002.195 00002.243 00002.408 00002.279 00002.237 00002.078 00001.660 00001.586 00001.525 00001.480 00001.439 00001.399 00001.455 00001.636 00001.705 00001.679 00001.655 00001.667 00001.690
-0001.000 -0001.000 -0001.000 -0001.000 -0001.000 -0001.000 -0001.000 -0001.000 -0001.000 -0001.000 -0001.000 -0001.000 -0001.000 -0001.000 -0001.000 00005.833 00005.555 00005.353 00005.161 00004.965 00004.763 00004.557 00004.356 00004.152 00003.981 00003.846 00003.708 00003.570 00003.451 00003.339 00003.223 00003.102 00002.983 00002.866 00002.753 00002.645 00002.542 00002.443 00002.352 00002.276 00002.207 00002.163 00002.230 00002.172 00002.124 00002.075 00001.919 00001.606 00001.543 00001.482 00001.434 00001.390 00001.353 00001.373 00001.451 00001.473 00001.457 00001.448 00001.470 00001.493
-0001.000 -0001.000 -0001.000 -0001.000 -0001.000 -0001.000 -0001.000 -0001.000 -0001.000 -0001.000 -0001.000 -0001.000 -0001.000 -0001.000 -0001.000 00005.844 00005.627 00005.433 00005.249 00005.066 00004.856 00004.638 00004.432 00004.212 00004.014 00003.870 00003.735 00003.599 00003.461 00003.338 00003.226 00003.112 00002.986 00002.865 00002.748 00002.638 00002.529 00002.428 00002.332 00002.247 00002.172 00002.122 00002.052 00001.981 00001.892 00001.794 00001.697 00001.564 00001.500 00001.438 00001.388 00001.342 00001.300 00001.261 00001.249 00001.232 00001.226 00001.238 00001.267 00001.293
-0001.000 -0001.000 -0001.000 -0001.000 -0001.000 -0001.000 -0001.000 -0001.000 -0001.000 -0001.000 -0001.000 -0001.000 -0001.000 -0001.000 -0001.000 -0001.000 00005.787 00005.545 00005.353 00005.174 00004.968 00004.788 00004.674 00004.377 00004.058 00003.900 00003.761 00003.626 00003.490 00003.352 00003.225 00003.112 00002.994 00002.865 00002.743 00002.631 00002.522 00002.412 00002.314 00002.219 00002.137 00002.062 00001.955 00001.854 00001.776 00001.690 00001.592 00001.522 00001.457 00001.394 00001.343 00001.296 00001.252 00001.214 00001.177 00001.155 00001.123 00001.113 00001.101 00001.136
-0001.000 -0001.000 -0001.000 -0001.000 -0001.000 -0001.000 -0001.000 -0001.000 -0001.000 -0001.000 -0001.000 -0001.000 -0001.000 -0001.000 -0001.000 -0001.000 -0001.000 00005.671 00005.504 00005.318 00005.094 00005.066 00005.039 00005.080 -0001.000 00003.975 00003.788 00003.647 00003.510 00003.375 00003.237 00003.109 00002.992 00002.867 00002.741 00002.623 00002.515 00002.403 00002.297 00002.199 00002.105 00002.007 00001.910 00001.814 00001.723 00001.635 00001.553 00001.479 00001.414 00001.350 00001.297 00001.250 00001.206 00001.169 00001.132 00001.106 00001.080 00001.060 00001.039 00001.046
-0001.000 -0001.000 -0001.000 -0001.000 -0001.000 -0001.000 -0001.000 -0001.000 -0001.000 -0001.000 -0001.000 -0001.000 -0001.000 -0001.000 -0001.000 -0001.000 -0001.000 -0001.000 00005.777 -0001.000 00005.294 00005.307 -0001.000 -0001.000 -0001.000 -0001.000 00003.845 00003.669 00003.525 00003.386 00003.252 00003.120 00002.989 00002.868 00002.744 00002.618 00002.505 00002.395 00002.284 00002.183 00002.081 00001.970 00001.875 00001.779 00001.684 00001.594 00001.513 00001.436 00001.370 00001.306 00001.252 00001.204 00001.161 00001.123 00001.088 00001.062 00001.037 00001.016 00000.996 00000.999
-0001.000 -0001.000 -0001.000 -0001.000 -0001.000 -0001.000 -0001.000 -0001.000 -0001.000 -0001.000 -0001.000 -0001.000 -0001.000 -0001.000 -0001.000 -0001.000 -0001.000 -0001.000 -0001.000 -0001.000 -0001.000 -0001.000 -0001.000 -0001.000 -0001.000 -0001.000 -0001.000 00003.691 00003.548 00003.401 00003.261 00003.132 00003.003 00002.871 00002.747 00002.624 00002.500 00002.388 00002.278 00002.167 00002.066 00001.943 00001.841 00001.745 00001.647 00001.558 00001.473 00001.392 00001.327 00001.262 00001.206 00001.159 00001.115 00001.077 00001.043 00001.018 00000.995 00000.977 00000.961 00000.945
-0001.000 -0001.000 -0001.000 -0001.000 -0001.000 -0001.000 -0001.000 -0001.000 -0001.000 -0001.000 -0001.000 -0001.000 -0001.000 -0001.000 -0001.000 -0001.000 -0001.000 -0001.000 -0001.000 -0001.000 -0001.000 -0001.000 -0001.000 -0001.000 -0001.000 -0001.000 00003.936 00003.714 00003.571 00003.429 00003.284 00003.144 00003.016 00002.885 00002.756 00002.630 00002.507 00002.384 00002.273 00002.163 00002.055 00001.933 00001.807 00001.711 00001.613 00001.521 00001.433 00001.352 00001.283 00001.218 00001.159 00001.112 00001.069 00001.031 00000.998 00000.979 00000.960 00000.942 00000.924 00000.909
-0001.000 -0001.000 -0001.000 -0001.000 -0001.000 -0001.000 -0001.000 -0001.000 -0001.000 -0001.000 -0001.000 -0001.000 -0001.000 -0001.000 -0001.000 -0001.000 -0001.000 -0001.000 -0001.000 -0001.000 -0001.000 00005.306 00005.024 -0001.000 00004.405 00004.248 00003.892 00003.738 00003.596 00003.453 00003.314 00003.172 00003.035 00002.900 00002.770 00002.641 00002.514 00002.392 00002.272 00002.160 00002.049 00001.923 00001.790 00001.677 00001.579 00001.485 00001.393 00001.312 00001.239 00001.173 00001.113 00001.066 00001.023 00000.992 00000.970 00000.949 00000.927 00000.907 00000.890 00000.873
-0001.000 -0001.000 -0001.000 -0001.000 -0001.000 -0001.000 -0001.000 -0001.000 -0001.000 -0001.000 -0001.000 -0001.000 -0001.000 -0001.000 -0001.000 -0001.000 00007.140 -0001.000 -0001.000 -0001.000 -0001.000 00005.204 00005.013 00004.812 00004.295 00004.125 00003.904 00003.761 00003.620 00003.476 00003.337 00003.200 00003.062 00002.924 00002.787 00002.655 00002.528 00002.402 00002.281 00002.161 00002.045 00001.917 00001.784 00001.644 00001.545 00001.450 00001.356 00001.271 00001.195 00001.129 00001.067 00001.020 00000.988 00000.966 00000.945 00000.923 00000.902 00000.880 00000.858 00000.837
-0001.000 -0001.000 -0001.000 -0001.000 -0001.000 -0001.000 -0001.000 -0001.000 -0001.000 -0001.000 -0001.000 -0001.000 -0001.000 00007.888 00007.884 00007.190 00006.844 00006.860 -0001.000 -0001.000 00005.460 00005.222 00005.010 00004.766 00004.434 00004.118 00003.924 00003.781 00003.642 00003.499 00003.358 00003.218 00003.084 00002.950 00002.813 00002.677 00002.544 00002.417 00002.293 00002.172 00002.049 00001.914 00001.779 00001.641 00001.511 00001.415 00001.320 00001.232 00001.151 00001.084 00001.020 00000.987 00000.965 00000.943 00000.921 00000.899 00000.877 00000.855 00000.833 00000.811
-0001.000 -0001.000 -0001.000 -0001.000 -0001.000 -0001.000 -0001.000 -0001.000 -0001.000 -0001.000 -0001.000 -0001.000 -0001.000 00007.823 00007.489 00007.076 00006.747 00006.679 00006.346 00006.037 00005.470 00005.262 00005.018 00004.745 00004.603 00004.403 00004.125 00003.831 00003.660 00003.524 00003.382 00003.238 00003.103 00002.970 00002.836 00002.702 00002.568 00002.436 00002.307 00002.184 00002.061 00001.920 00001.777 00001.639 00001.497 00001.379 00001.283 00001.192 00001.109 00001.040 00000.990 00000.966 00000.943 00000.920 00000.897 00000.875 00000.853 00000.830 00000.808 00000.786
-0001.000 -0001.000 -0001.000 -0001.000 -0001.000 -0001.000 -0001.000 -0001.000 -0001.000 -0001.000 -0001.000 -0001.000 -0001.000 00007.850 00007.473 00007.119 00006.823 00006.497 00006.240 00005.973 00005.599 00005.371 00005.106 00005.087 00005.022 -0001.000 -0001.000 00004.267 00003.678 00003.546 00003.411 00003.270 00003.126 00002.989 00002.857 00002.724 00002.591 00002.458 00002.328 00002.200 00002.072 00001.932 00001.784 00001.636 00001.496 00001.348 00001.245 00001.153 00001.069 00000.999 00000.975 00000.951 00000.927 00000.903 00000.880 00000.856 00000.832 00000.808 00000.784 00000.762
-0001.000 -0001.000 -0001.000 -0001.000 -0001.000 -0001.000 -0001.000 -0001.000 -0001.000 -0001.000 -0001.000 -0001.000 -0001.000 00007.900 00007.514 00007.159 00006.871 00006.618 00006.277 00006.001 00005.672 00005.561 00005.301 -0001.000 -0001.000 -0001.000 -0001.000 00003.979 00003.717 00003.574 00003.438 00003.304 00003.165 00003.025 00002.884 00002.746 00002.611 00002.480 00002.350 00002.223 00002.093 00001.947 00001.795 00001.646 00001.496 00001.351 00001.207 00001.114 00001.027 00000.984 00000.960 00000.936 00000.912 00000.888 00000.864 00000.840 00000.816 00000.792 00000.768 00000.744
-0001.000 -0001.000 -0001.000 -0001.000 -0001.000 -0001.000 -0001.000 -0001.000 -0001.000 -0001.000 -0001.000 -0001.000 -0001.000 00008.057 00007.707 00007.387 00007.056 00006.794 00006.590 00006.086 00005.984 -0001.000 -0001.000 -0001.000 -0001.000 -0001.000 -0001.000 00003.930 00003.772 00003.624 00003.484 00003.345 00003.205 00003.065 00002.926 00002.786 00002.645 00002.506 00002.373 00002.245 00002.117 00001.976 00001.817 00001.658 00001.506 00001.354 00001.197 00001.072 00000.996 00000.972 00000.948 00000.923 00000.899 00000.875 00000.850 00000.826 00000.801 00000.777 00000.753 00000.728
-0001.000 -0001.000 -0001.000 -0001.000 -0001.000 -0001.000 -0001.000 -0001.000 -0001.000 -0001.000 -0001.000 -0001.000 -0001.000 -0001.000 00008.092 00007.690 00007.416 00006.982 00006.936 -0001.000 -0001.000 -0001.000 -0001.000 -0001.000 -0001.000 -0001.000 -0001.000 00003.973 00003.819 00003.676 00003.534 00003.394 00003.253 00003.112 00002.972 00002.830 00002.690 00002.549 00002.412 00002.277 00002.143 00002.004 00001.847 00001.687 00001.523 00001.364 00001.207 00001.040 00000.984 00000.959 00000.935 00000.911 00000.886 00000.862 00000.837 00000.813 00000.788 00000.763 00000.739 00000.714
-0001.000 -0001.000 -0001.000 -0001.000 -0001.000 -0001.000 -0001.000 -0001.000 -0001.000 -0001.000 -0001.000 -0001.000 -0001.000 -0001.000 -0001.000 -0001.000 -0001.000 -0001.000 -0001.000 -0001.000 -0001.000 -0001.000 -0001.000 -0001.000 -0001.000 -0001.000 -0001.000 00004.024 00003.875 00003.731 00003.588 00003.446 00003.304 00003.161 00003.021 00002.879 00002.735 00002.593 00002.454 00002.319 00002.185 00002.047 00001.885 00001.718 00001.556 00001.388 00001.218 00001.056 00000.983 00000.958 00000.934 00000.908 00000.883 00000.858 00000.833 00000.807 00000.782 00000.756 00000.731 00000.705
-0001.000 -0001.000 -0001.000 -0001.000 -0001.000 -0001.000 -0001.000 -0001.000 -0001.000 -0001.000 -0001.000 -0001.000 -0001.000 -0001.000 -0001.000 -0001.000 -0001.000 -0001.000 -0001.000 -0001.000 -0001.000 -0001.000 -0001.000 -0001.000 -0001.000 -0001.000 00004.311 00004.096 00003.933 00003.789 00003.643 00003.499 00003.356 00003.213 00003.072 00002.930 00002.788 00002.645 00002.504 00002.366 00002.229 00002.091 00001.938 00001.770 00001.598 00001.422 00001.251 00001.075 00000.986 00000.961 00000.936 00000.911 00000.885 00000.860 00000.834 00000.809 00000.783 00000.757 00000.731 00000.705
-0001.000 -0001.000 -0001.000 -0001.000 -0001.000 -0001.000 -0001.000 -0001.000 -0001.000 -0001.000 -0001.000 -0001.000 -0001.000 -0001.000 -0001.000 -0001.000 -0001.000 -0001.000 -0001.000 -0001.000 00005.953 00005.849 00005.567 00005.399 00005.279 -0001.000 00004.377 00004.180 00004.000 00003.854 00003.707 00003.560 00003.414 00003.269 00003.126 00002.982 00002.840 00002.699 00002.560 00002.421 00002.284 00002.145 00001.997 00001.826 00001.651 00001.470 00001.288 00001.102 00000.989 00000.964 00000.938 00000.913 00000.887 00000.862 00000.839 00000.820 00000.801 00000.782 00000.755 00000.721
-0001.000 -0001.000 -0001.000 -0001.000 -0001.000 -0001.000 -0001.000 -0001.000 -0001.000 -0001.000 -0001.000 -0001.000 -0001.000 -0001.000 -0001.000 -0001.000 -0001.000 -0001.000 -0001.000 -0001.000 00005.913 00005.726 00005.464 00005.230 00005.126 00004.752 00004.461 00004.272 00004.089 00003.926 00003.779 00003.631 00003.485 00003.340 00003.197 00003.053 00002.908 00002.764 00002.622 00002.480 00002.340 00002.200 00002.056 00001.885 00001.706 00001.521 00001.330 00001.135 00000.994 00000.974 00000.954 00000.935 00000.916 00000.897 00000.879 00000.861 00000.843 00000.838 00000.830 00000.806
-0001.000 -0001.000 -0001.000 -0001.000 -0001.000 -0001.000 -0001.000 -0001.000 -0001.000 -0001.000 -0001.000 -0001.000 -0001.000 -0001.000 -0001.000 -0001.000 -0001.000 -0001.000 -0001.000 00006.277 00005.935 00005.704 00005.492 00005.271 00004.986 00004.792 00004.559 00004.367 00004.181 00003.999 00003.852 00003.705 00003.559 00003.413 00003.270 00003.126 00002.981 00002.834 00002.689 00002.543 00002.399 00002.257 00002.126 00001.993 00001.831 00001.670 00001.508 00001.347 00001.193 00001.048 00000.987 00000.969 00000.952 00000.935 00000.918 00000.915 00000.916 00000.938 00000.955 00000.880
-0001.000 -0001.000 -0001.000 -0001.000 -0001.000 -0001.000 -0001.000 -0001.000 -0001.000 -0001.000 -0001.000 -0001.000 -0001.000 -0001.000 -0001.000 -0001.000 -0001.000 00007.069 00006.435 00006.217 00005.958 00005.735 00005.521 00005.311 00005.093 00004.870 00004.666 00004.475 00004.289 00004.106 00003.940 00003.793 00003.645 00003.497 00003.350 00003.204 00003.059 00002.910 00002.760 00002.621 00002.495 00002.371 00002.250 00002.132 00002.003 00001.848 00001.697 00001.542 00001.409 00001.271 00001.156 00001.055 00000.992 00000.984 00000.985 00000.986 00000.995 00000.976 00000.938 00000.922
-0001.000 -0001.000 -0001.000 -0001.000 -0001.000 -0001.000 -0001.000 -0001.000 -0001.000 -0001.000 -0001.000 -0001.000 -0001.000 -0001.000 -0001.000 00007.773 00007.115 00006.882 00006.531 00006.255 00006.014 00005.796 00005.585 00005.382 00005.187 00004.990 00004.783 00004.589 00004.400 00004.214 00004.032 00003.878 00003.731 00003.583 00003.435 00003.286 00003.138 00003.000 00002.881 00002.756 00002.626 00002.498 00002.379 00002.262 00002.175 00002.054 00001.884 00001.718 00001.538 00001.417 00001.325 00001.211 00001.120 00001.050 00001.002 00000.977 00000.954 00000.929 00000.910 00000.899
