Assets/WUInity/Farsite/test_dataset/Ashley/output/test.rci
NCOLS 382
NROWS 266
XLLCORNER 157819.328125
YLLCORNER 384678.625000
CELLSIZE 30.000000
NODATA_VALUE -1
[rows 52 to 77 of 266, columns 180 to 239 of 382]
00378.550 00180.160 00374.687 00475.090 00587.534 00622.771 00378.263 00175.336 00474.599 00322.662 00171.378 00435.655 00238.517 00583.633 00406.603 00287.414 00171.032 00502.509 00482.835 00642.245 00195.285 00623.674 00450.797 00364.184 00683.991 00678.905 00684.250 00684.553 00681.605 00654.889 00651.162 -0001.000 -0001.000 -0001.000 -0001.000 -0001.000 -0001.000 -0001.000 -0001.000 -0001.000 -0001.000 -0001.000 -0001.000 -0001.000 -0001.000 -0001.000 -0001.000 -0001.000 -0001.000 -0001.000 -0001.000 -0001.000 -0001.000 -0001.000 -0001.000 -0001.000 -0001.000 -0001.000 -0001.000 -0001.000
00270.766 00099.623 00253.257 00488.262 00559.321 00525.305 00207.296 00466.094 00276.269 00600.127 00376.278 00183.214 00522.281 00230.568 00567.054 00337.341 00220.775 00628.358 00656.600 00658.584 00430.950 00597.958 00260.883 00192.658 00680.057 00681.888 00673.376 00695.203 00675.293 00664.713 00641.505 -0001.000 -0001.000 -0001.000 -0001.000 -0001.000 -0001.000 -0001.000 -0001.000 -0001.000 -0001.000 -0001.000 -0001.000 -0001.000 -0001.000 -0001.000 -0001.000 -0001.000 -0001.000 -0001.000 -0001.000 -0001.000 -0001.000 -0001.000 -0001.000 -0001.000 -0001.000 -0001.000 -0001.000 -0001.000
00147.293 00271.794 00271.716 00501.977 00562.369 00489.613 00475.732 00240.481 00504.684 00292.677 00601.518 00443.734 00328.759 00374.435 00294.313 00363.997 00312.756 00472.775 00650.808 00247.896 00239.391 00547.639 00543.573 00645.490 00467.123 00677.975 00678.151 00684.771 00685.333 00659.048 00658.334 -0001.000 -0001.000 -0001.000 -0001.000 -0001.000 -0001.000 -0001.000 -0001.000 -0001.000 -0001.000 -0001.000 -0001.000 -0001.000 -0001.000 -0001.000 -0001.000 -0001.000 -0001.000 -0001.000 -0001.000 -0001.000 -0001.000 -0001.000 -0001.000 -0001.000 -0001.000 -0001.000 -0001.000 -0001.000
00343.464 00116.329 00348.078 00494.990 00549.255 00588.373 00215.881 00530.438 00181.453 00492.547 00375.601 00250.158 00226.193 00607.935 00502.532 00472.284 00554.598 00657.730 00510.876 00449.223 00577.290 00337.871 00239.672 00600.978 00454.383 00189.127 00681.211 00678.973 00675.485 00654.878 00646.241 -0001.000 -0001.000 -0001.000 -0001.000 -0001.000 -0001.000 -0001.000 -0001.000 -0001.000 -0001.000 -0001.000 -0001.000 -0001.000 -0001.000 -0001.000 -0001.000 -0001.000 -0001.000 -0001.000 -0001.000 -0001.000 -0001.000 -0001.000 -0001.000 -0001.000 -0001.000 -0001.000 -0001.000 -0001.000
00147.349 00242.628 00380.032 00489.992 00564.451 00572.668 00472.526 00339.464 00352.224 00236.631 00624.407 00566.168 00489.499 00224.029 00193.495 00563.473 00647.093 00220.504 00212.215 00290.228 00332.969 00384.044 00480.383 00409.421 00210.425 00325.796 00679.616 00690.890 00681.974 00661.865 00656.387 -0001.000 -0001.000 -0001.000 -0001.000 -0001.000 -0001.000 -0001.000 -0001.000 -0001.000 -0001.000 -0001.000 -0001.000 -0001.000 -0001.000 -0001.000 -0001.000 -0001.000 -0001.000 -0001.000 -0001.000 -0001.000 -0001.000 -0001.000 -0001.000 -0001.000 -0001.000 -0001.000 -0001.000 00370.314
00294.571 00085.789 00353.557 00491.349 00546.224 00582.954 00246.029 00155.587 00569.015 00383.775 00357.543 00325.584 00464.162 00408.130 00578.148 00647.108 00313.560 00362.013 00371.239 00419.033 00499.333 00583.218 00622.575 00495.492 00517.272 00594.287 00681.179 00679.569 01013.020 00985.852 00956.662 00772.203 -0001.000 -0001.000 -0001.000 -0001.000 -0001.000 -0001.000 -0001.000 -0001.000 -0001.000 -0001.000 -0001.000 -0001.000 -0001.000 -0001.000 -0001.000 -0001.000 -0001.000 -0001.000 -0001.000 -0001.000 00994.286 00758.089 00845.497 00934.872 01029.109 00244.641 00682.594 00309.257
00062.997 00218.474 00253.307 00457.832 00530.450 00627.865 00453.049 00390.145 00593.213 00542.686 00560.855 00583.289 00653.513 00381.687 00648.303 00388.655 00475.603 00562.128 00623.596 00193.903 00273.216 00332.622 00540.191 00629.271 00203.329 00274.397 00682.141 00681.167 00697.037 00756.360 00750.974 00735.115 00710.933 00724.907 -0001.000 -0001.000 -0001.000 -0001.000 -0001.000 -0001.000 -0001.000 -0001.000 -0001.000 -0001.000 -0001.000 -0001.000 -0001.000 -0001.000 -0001.000 -0001.000 00736.843 00845.311 00925.769 00850.748 00707.535 00831.722 00898.077 00918.744 00625.865 00357.658
00214.787 00095.722 00350.041 00500.362 00580.905 00191.624 00189.789 00223.718 00200.956 00435.090 00202.387 00338.702 00656.741 00338.472 00487.316 00662.708 00233.886 00314.052 00386.262 00283.640 00440.230 00576.140 00197.127 00322.199 00532.889 00786.198 00909.604 01009.774 00697.407 00899.342 00945.127 00962.934 00874.131 00884.290 00878.932 -0001.000 -0001.000 -0001.000 -0001.000 -0001.000 -0001.000 -0001.000 -0001.000 -0001.000 -0001.000 -0001.000 -0001.000 -0001.000 -0001.000 01008.984 00884.954 00738.825 00940.091 00788.227 00964.580 00761.383 00899.011 00500.993 00549.737 00217.742
00441.990 00402.388 00435.637 00541.013 00371.187 00353.268 00385.623 00421.673 00630.724 00257.635 00659.513 00650.906 00455.039 00631.008 00250.802 00384.315 00376.390 00612.109 00288.701 00391.509 00616.308 00310.776 00787.440 01016.142 00808.246 00966.875 00757.395 00869.984 00958.193 01030.150 00736.728 00800.169 00989.562 01031.605 00673.820 -0001.000 -0001.000 -0001.000 -0001.000 -0001.000 -0001.000 -0001.000 -0001.000 -0001.000 -0001.000 -0001.000 -0001.000 00760.428 00913.019 01022.103 00850.459 01008.750 00645.661 00197.134 00786.858 00171.602 00481.897 00636.978 00399.027 00509.842
00460.306 00284.157 00530.599 00576.244 00498.377 00554.497 00597.501 00671.359 00690.698 00697.456 00416.944 00576.713 00300.812 00542.455 00987.679 00507.430 01050.259 00844.130 01031.071 00767.336 00898.461 01045.805 00781.455 00896.934 01035.067 00814.146 00971.365 00745.684 00837.677 00916.210 00979.206 00990.651 00669.267 00773.529 00848.740 00898.884 -0001.000 -0001.000 -0001.000 -0001.000 -0001.000 -0001.000 -0001.000 -0001.000 -0001.000 -0001.000 00711.503 00863.290 00813.876 00967.748 00607.501 00587.716 00361.403 00616.367 00303.720 00510.029 00312.261 00448.093 00641.143 00287.133
00358.127 00502.567 00585.762 00177.422 00275.319 00431.775 00414.167 00692.232 00698.849 00665.662 00698.947 00859.355 00278.626 00867.468 00834.386 01081.202 00922.986 00743.774 00914.892 01096.704 00824.593 00957.993 00711.209 00810.473 00924.259 01052.442 00837.560 00972.200 00723.613 00801.694 01051.500 00783.886 00878.053 00954.129 01026.284 00710.806 -0001.000 -0001.000 -0001.000 -0001.000 -0001.000 -0001.000 -0001.000 -0001.000 -0001.000 00973.512 00794.151 00974.475 00522.542 00584.382 00294.406 00518.658 00277.863 00460.084 00580.273 00355.296 00557.995 00237.855 00383.752 00550.660
00480.222 00514.859 00291.106 00449.310 00582.437 00176.713 00252.656 00695.418 00691.964 00660.876 01032.935 00822.850 01136.622 00886.782 01061.087 00861.119 00751.092 01045.256 00802.762 00964.764 00775.069 00860.424 01008.874 00789.848 01019.950 00870.477 00693.937 00826.807 00957.336 00693.015 00857.175 00984.276 00706.820 00798.106 00880.726 00936.028 -0001.000 -0001.000 -0001.000 -0001.000 -0001.000 -0001.000 -0001.000 00994.335 00844.966 01038.226 00837.543 00964.057 00365.707 00559.134 00240.542 00456.294 00175.025 00263.342 00412.828 00171.151 00302.886 00472.549 00631.416 00382.494
00260.982 00418.136 00582.568 00265.079 00393.325 00516.495 00700.057 00699.172 00668.108 00654.720 -0001.000 00979.970 01024.571 00772.523 00894.363 01040.200 00903.165 00854.392 00710.475 00857.691 01020.426 00884.894 00764.336 01027.692 00861.938 01074.931 00891.319 00686.591 00812.286 00938.362 01071.018 00800.054 00926.374 01040.854 00742.279 00807.184 -0001.000 -0001.000 -0001.000 -0001.000 -0001.000 -0001.000 -0001.000 00745.507 00930.051 00449.882 00433.162 00610.194 00326.547 00498.052 00177.245 00365.931 00550.991 00347.025 00226.310 00377.526 00548.908 00244.901 00446.620 00224.329
00516.275 00266.709 00651.133 00616.247 00688.159 00699.723 00686.596 00865.891 00999.292 00652.207 -0001.000 -0001.000 00813.844 00700.760 00920.290 00742.055 00971.913 00709.590 01046.197 00906.357 00812.467 00724.080 01026.789 00892.200 00712.097 00911.281 00694.487 00894.564 01068.985 00768.203 00892.876 01039.269 00756.867 00853.280 00968.130 -0001.000 -0001.000 -0001.000 -0001.000 -0001.000 -0001.000 -0001.000 00716.520 00795.832 00906.924 00248.582 00486.205 00598.719 00299.436 00541.688 00384.720 00222.839 00450.001 00246.959 00466.590 00606.352 00338.289 00523.011 00261.757 00550.429
00438.460 00627.276 00688.686 00699.085 00700.170 00673.565 00863.854 00658.194 -0001.000 -0001.000 -0001.000 -0001.000 -0001.000 -0001.000 00782.170 00962.619 00758.576 00963.323 00912.159 00795.416 00684.155 00972.548 00879.865 00763.853 00989.087 00786.388 00959.161 00694.275 00860.931 01028.061 00754.152 00868.342 00982.548 00707.015 -0001.000 -0001.000 -0001.000 -0001.000 -0001.000 -0001.000 -0001.000 01018.011 00993.545 00623.876 00189.374 00251.033 00610.925 00614.501 00222.349 00513.684 00350.943 00186.547 00341.769 00584.671 00227.535 00410.261 00610.105 00322.647 00559.052 00391.511
00700.983 00702.287 00702.358 00679.838 00665.215 00949.876 -0001.000 -0001.000 -0001.000 -0001.000 -0001.000 -0001.000 -0001.000 -0001.000 -0001.000 -0001.000 -0001.000 -0001.000 -0001.000 00731.089 00963.557 00854.103 00749.056 01043.624 00873.286 01041.146 00821.338 00956.577 -0001.000 -0001.000 -0001.000 -0001.000 -0001.000 -0001.000 -0001.000 -0001.000 -0001.000 -0001.000 -0001.000 -0001.000 -0001.000 00414.458 00593.803 00542.134 00481.067 00315.096 00553.514 00368.359 00195.145 00518.967 00567.680 00612.042 00224.460 00368.758 00526.139 00251.370 00398.875 00587.441 00380.987 00226.877
00686.902 00657.327 00653.184 00648.852 -0001.000 -0001.000 -0001.000 -0001.000 -0001.000 -0001.000 -0001.000 -0001.000 -0001.000 -0001.000 -0001.000 -0001.000 -0001.000 -0001.000 -0001.000 -0001.000 -0001.000 00734.092 01013.268 00906.583 00754.564 -0001.000 -0001.000 -0001.000 -0001.000 -0001.000 -0001.000 -0001.000 -0001.000 -0001.000 -0001.000 -0001.000 -0001.000 -0001.000 -0001.000 -0001.000 -0001.000 00221.487 00329.183 00160.405 00564.305 00389.392 00583.453 00377.044 00176.956 00463.770 00281.181 00592.191 00508.787 00170.763 00385.146 00609.059 00198.491 00390.007 00203.710 00476.235
00682.301 00662.075 -0001.000 -0001.000 -0001.000 -0001.000 -0001.000 -0001.000 -0001.000 -0001.000 -0001.000 -0001.000 -0001.000 -0001.000 -0001.000 -0001.000 -0001.000 -0001.000 -0001.000 -0001.000 -0001.000 -0001.000 -0001.000 -0001.000 -0001.000 -0001.000 -0001.000 -0001.000 -0001.000 -0001.000 -0001.000 -0001.000 -0001.000 -0001.000 -0001.000 -0001.000 -0001.000 -0001.000 -0001.000 -0001.000 -0001.000 00404.903 00525.818 00158.037 00159.318 00329.700 00628.971 00382.340 00619.648 00424.419 00235.432 00449.820 00239.172 00496.500 00247.136 00495.428 00296.974 00188.834 00398.247 00188.217
00661.075 -0001.000 -0001.000 -0001.000 -0001.000 -0001.000 -0001.000 -0001.000 -0001.000 -0001.000 -0001.000 -0001.000 -0001.000 -0001.000 -0001.000 -0001.000 -0001.000 -0001.000 -0001.000 -0001.000 -0001.000 -0001.000 -0001.000 -0001.000 -0001.000 -0001.000 -0001.000 -0001.000 -0001.000 -0001.000 -0001.000 -0001.000 -0001.000 00949.776 00682.865 00718.633 00895.548 00683.009 00894.128 -0001.000 -0001.000 00575.808 00666.757 00157.267 00155.199 00341.950 00610.050 00636.809 00628.665 00638.460 00185.444 00352.386 00627.870 00345.697 00580.132 00361.923 00185.432 00493.039 00566.272 00365.028
-0001.000 -0001.000 -0001.000 -0001.000 -0001.000 -0001.000 -0001.000 -0001.000 -0001.000 -0001.000 -0001.000 -0001.000 -0001.000 00812.742 01021.984 -0001.000 -0001.000 -0001.000 -0001.000 -0001.000 -0001.000 -0001.000 -0001.000 -0001.000 -0001.000 -0001.000 -0001.000 -0001.000 -0001.000 -0001.000 00902.272 01042.115 00703.808 00937.081 00754.013 00951.967 00802.341 01041.979 00939.412 00897.959 -0001.000 00380.906 00477.803 00376.634 00597.416 00627.610 00625.739 00635.331 00627.895 00638.336 00629.887 00236.211 00459.350 00508.890 00411.212 00207.845 00493.003 00327.969 00252.670 00529.989
00680.914 01110.894 01000.374 00871.722 -0001.000 -0001.000 01015.990 00815.617 01012.796 00722.401 00880.838 01055.313 00822.874 01015.625 00842.780 00678.109 00938.341 00793.937 00672.396 -0001.000 -0001.000 -0001.000 -0001.000 -0001.000 -0001.000 -0001.000 00827.024 01004.583 00993.375 00787.484 00994.212 00830.707 00987.351 00773.114 00914.623 00693.528 00937.137 00860.388 00753.606 00714.307 00618.946 00204.933 00159.666 00376.990 00157.317 00416.222 00250.255 00518.990 00627.507 00639.571 00630.535 00548.461 00279.668 00519.599 00211.394 00494.207 00311.271 00167.829 00413.695 00231.824
01095.946 00994.305 00877.636 00793.873 00679.719 00777.050 00986.019 00708.321 00831.702 00972.042 01084.843 00823.238 00977.480 00788.154 00989.421 00817.893 01054.037 00933.593 00821.717 00723.631 00894.781 -0001.000 -0001.000 01027.254 00835.910 01004.203 00779.665 00884.562 01032.846 00801.463 00930.783 00266.472 00749.804 00428.174 00908.472 00606.304 00757.252 00689.274 00995.420 -0001.000 00461.465 00496.657 00162.523 00152.867 00154.842 00492.490 00202.935 00480.839 00321.464 00365.158 00632.770 00638.803 00575.392 00289.688 00448.998 00289.164 00600.523 00468.320 00576.745 00399.979
00226.826 00714.576 01151.226 01017.556 00953.457 00763.192 00993.938 00823.056 01035.369 00726.682 00747.482 00986.421 00691.932 00839.776 01015.630 00892.519 00788.693 01057.135 00931.436 00781.710 00963.153 00771.066 00894.312 01070.112 00836.157 00940.915 01020.879 00753.760 00193.576 00754.570 00383.593 00848.760 00365.569 00727.214 00713.348 00826.168 00623.916 00751.385 00795.421 00647.509 00177.577 00213.126 00157.912 00352.250 00605.039 00380.326 00243.081 00467.703 00275.656 00526.096 00636.473 00628.209 00436.861 00451.154 00232.884 00554.752 00417.575 00301.180 00240.718 00559.540
00693.625 00920.089 00784.133 00788.213 00935.546 01017.203 00597.270 00214.362 00716.814 00311.497 00819.082 00504.325 00200.785 00806.194 00607.369 00918.303 00813.164 00730.320 00704.819 01031.679 00925.377 00925.829 00706.939 01046.050 00778.243 00364.986 00698.430 00912.788 00190.518 00222.001 00318.971 00633.720 00012.454 00219.010 00534.506 00386.976 00217.377 00925.953 00652.397 00410.475 00445.632 00424.368 00225.333 00158.144 00153.337 00549.310 00239.963 00465.893 00242.723 00406.505 00419.043 00633.308 00304.650 00207.421 00524.122 00364.050 00249.505 00613.629 00442.148 00320.046
00983.105 00703.493 01038.955 00723.818 00308.027 00759.636 00343.968 00756.178 00720.542 00906.146 00753.389 00887.881 00619.479 00561.288 00190.968 00784.837 00537.735 00911.740 00209.963 00693.009 00366.083 00876.961 00660.672 00981.601 00770.200 00207.037 00420.652 00268.053 00876.365 00387.046 00811.919 00328.559 00777.838 00683.949 00476.481 00391.855 00362.914 00386.407 -0001.000 00460.202 00589.596 00422.919 00566.224 00164.466 00158.210 00154.548 00360.830 00455.701 00198.623 00281.827 00517.104 00639.167 00164.482 00488.644 00331.004 00191.124 00534.804 00369.819 00215.735 00578.706
00379.005 00577.255 00939.012 00507.995 00844.686 00426.538 00792.680 00372.402 00823.382 00617.137 00654.863 00290.483 00874.863 00855.525 00500.410 00332.814 00337.898 00748.036 00732.490 00705.781 00685.111 00187.718 00519.398 00806.677 00148.704 00805.587 00589.738 00527.897 00831.343 00672.129 00866.151 00727.313 00973.625 00815.195 00702.687 00281.141 00633.039 00684.363 00263.608 00538.681 00347.011 00496.462 00611.422 00158.023 00153.986 00152.496 00540.666 00310.531 00580.448 00561.780 00311.941 00630.146 00427.894 00270.800 00586.825 00428.429 00283.918 00616.040 00465.325 00333.239
