Assets/WUInity/Farsite/test_dataset/Ashley/output/test.fml
NCOLS 382
NROWS 266
XLLCORNER 157819.328125
YLLCORNER 384678.625000
CELLSIZE 30.000000
NODATA_VALUE -1
[rows 102 to 135 of 266, columns 154 to 230 of 382]
01.18 01.29 01.39 01.53 01.70 01.91 02.16 02.18 02.00 01.49 01.37 01.37 01.50 01.12 01.24 01.35 01.44 01.73 01.69 01.49 01.25 01.15 01.21 01.36 01.42 01.43 01.32 01.33 01.40 01.58 01.57 01.24 01.25 01.33 01.29 01.24 01.31 01.32 01.40 01.40 01.51 01.84 01.34 01.32 01.77 01.20 01.34 01.29 01.29 01.31 01.28 01.28 01.23 01.20 01.15 01.17 01.27 01.29 01.37 01.39 01.38 01.33 01.52 01.53 01.33 01.37 01.52 01.61 01.75 01.47 01.02 00.95 01.01 00.14 00.10 00.12 00.14
01.18 01.30 01.42 01.58 01.77 02.04 02.21 02.05 01.85 01.40 01.41 01.34 01.43 01.13 01.26 01.36 01.41 01.52 01.53 01.45 01.13 01.16 01.27 01.37 01.44 01.50 01.36 01.28 01.40 01.47 01.45 01.31 01.32 01.34 01.28 01.23 01.35 01.46 01.39 01.35 01.33 01.24 01.53 01.23 01.67 01.38 01.39 01.29 01.27 01.28 01.26 01.22 01.20 01.15 01.14 01.15 01.30 01.29 01.31 01.43 01.20 01.54 01.69 01.60 01.33 01.34 01.40 01.60 01.54 01.32 00.99 01.08 01.07 00.14 00.11 00.11 00.14
01.22 01.31 01.45 01.64 01.87 02.17 02.08 01.91 01.88 01.83 01.36 01.31 01.19 01.15 01.34 01.42 01.43 01.48 01.56 01.13 01.11 01.22 01.33 01.38 01.45 01.34 01.39 01.34 01.36 01.48 01.35 01.30 01.38 01.40 01.28 01.24 01.46 01.49 01.38 01.29 01.26 01.33 01.71 01.19 01.47 01.39 01.33 01.31 01.26 01.24 01.23 01.19 01.14 01.11 01.06 01.16 01.24 01.25 01.28 01.39 01.45 01.83 01.86 01.71 01.57 01.29 01.38 01.41 01.31 01.18 01.12 01.13 01.09 00.15 00.11 00.11 00.13
01.22 01.33 01.49 01.70 02.03 02.08 01.94 01.91 01.94 02.12 01.83 01.27 01.06 01.17 01.42 01.45 01.44 01.44 01.40 01.02 01.16 01.28 01.38 01.45 01.21 01.36 01.33 01.36 01.30 01.32 01.57 01.33 01.49 01.43 01.22 01.31 01.45 01.44 01.43 01.33 01.27 01.30 01.40 01.24 01.46 01.33 01.28 01.28 01.27 01.25 01.23 01.19 01.15 01.10 01.04 01.24 01.24 01.23 01.26 01.35 01.46 01.95 01.99 01.84 01.55 01.27 01.33 01.18 01.14 01.19 01.09 01.16 01.01 00.14 00.11 00.12 00.13
01.22 01.35 01.54 01.86 02.09 01.94 01.84 01.79 02.00 02.14 01.54 01.16 01.06 01.16 01.48 01.40 01.39 01.39 00.91 01.02 01.21 01.40 01.54 01.51 01.30 01.40 01.29 01.30 01.26 01.30 01.24 01.35 01.60 01.37 01.23 01.31 01.39 01.47 01.55 01.42 01.27 01.26 01.28 01.20 01.46 01.61 01.35 01.28 01.26 01.24 01.25 01.25 01.13 01.09 01.27 01.26 01.26 01.25 01.23 01.23 01.43 01.59 01.68 01.63 01.45 01.24 01.12 01.04 01.12 01.05 01.06 00.98 00.94 00.11 00.10 00.13 -1.00
01.22 01.38 01.64 01.99 01.95 01.75 01.58 01.85 02.05 01.98 01.20 01.02 01.01 01.49 01.68 01.96 01.33 01.36 00.89 01.01 01.26 01.41 01.61 01.44 01.39 01.37 01.36 01.30 01.28 01.31 01.32 01.44 01.44 01.17 01.22 01.30 01.45 01.60 01.58 01.45 01.29 01.27 01.25 01.30 01.61 01.68 01.55 01.39 01.31 01.29 01.22 01.25 01.13 01.08 01.25 01.23 01.24 01.23 01.23 01.21 01.20 01.25 01.34 01.32 01.29 01.16 01.06 00.97 00.92 00.97 00.94 00.69 00.11 00.09 00.12 00.14 00.14
01.23 01.36 01.77 01.94 01.79 01.52 01.64 01.86 01.87 01.79 00.88 01.03 01.26 01.52 01.93 02.22 01.24 01.32 00.88 00.98 01.33 01.32 01.54 01.30 01.44 01.31 01.31 01.24 01.27 01.23 01.29 01.46 01.57 01.18 01.21 01.32 01.42 01.47 01.43 01.39 01.43 01.37 01.26 01.23 01.66 01.57 01.69 01.50 01.43 01.35 01.23 01.19 01.14 01.21 01.22 01.20 01.19 01.20 01.17 01.14 01.10 01.11 01.12 01.10 01.12 01.07 01.08 00.88 00.90 00.89 00.82 00.16 00.16 00.13 00.10 00.13 00.13
01.21 01.42 01.74 01.82 01.62 01.41 01.63 01.70 01.51 01.56 00.92 01.14 01.32 01.66 02.07 01.88 01.20 01.38 00.88 01.08 01.22 01.39 01.23 01.37 01.38 01.35 01.30 01.29 01.31 01.21 01.34 01.43 01.34 01.20 01.27 01.41 01.43 01.38 01.36 01.43 01.49 01.50 01.36 01.37 01.48 01.62 01.70 01.68 01.58 01.42 01.24 01.20 01.16 01.21 01.23 01.18 01.17 01.16 01.15 01.10 01.08 01.06 01.04 01.04 01.05 01.06 01.05 01.02 00.84 00.81 00.77 00.74 00.18 00.16 00.10 00.12 00.14
01.19 01.47 01.58 01.66 01.09 01.27 01.37 01.46 01.59 01.32 01.02 01.15 01.36 01.79 01.81 01.44 01.34 01.05 00.87 01.06 01.29 01.44 01.44 01.13 01.19 01.19 01.33 01.39 01.34 01.26 01.32 01.38 01.39 01.19 01.41 01.50 01.53 01.36 01.37 01.48 01.59 01.55 01.46 01.46 01.51 01.58 01.62 01.63 01.57 01.44 01.30 01.21 01.21 01.23 01.21 01.20 01.20 01.13 01.13 01.06 01.05 01.04 01.03 01.03 01.04 01.04 01.01 00.98 00.80 00.78 00.77 00.95 00.50 00.17 00.11 00.09 00.13
01.19 01.26 01.40 01.18 01.16 01.20 01.27 01.32 01.31 01.27 01.02 01.13 01.41 01.70 01.47 01.17 01.03 01.27 01.09 01.04 01.33 01.41 01.32 01.08 01.12 01.21 01.33 01.64 01.27 01.32 01.36 01.33 01.14 01.28 01.52 01.66 01.70 01.49 01.50 01.53 01.55 01.52 01.48 01.43 01.43 01.47 01.48 01.49 01.45 01.37 01.30 01.22 01.23 01.19 01.19 01.18 01.18 01.16 01.12 01.07 01.10 01.11 01.11 01.10 01.02 01.00 00.98 00.94 00.78 00.77 00.75 00.92 00.77 00.89 00.11 00.09 00.13
01.17 01.12 01.07 01.08 01.07 01.16 01.32 01.31 01.29 01.18 01.01 01.12 01.50 01.47 01.37 01.25 01.20 01.13 01.18 01.11 01.44 01.36 01.33 01.03 01.07 01.13 01.29 01.66 01.52 01.54 01.50 01.37 01.15 01.41 01.53 01.77 01.65 01.42 01.58 01.54 01.63 01.58 01.44 01.37 01.38 01.41 01.55 01.35 01.32 01.29 01.26 01.22 01.19 01.16 01.17 01.18 01.17 01.14 01.09 01.07 01.09 01.11 01.11 01.10 01.02 00.98 00.93 00.89 00.84 00.76 00.72 00.81 00.89 00.11 00.08 00.12 00.15
01.09 01.06 01.16 01.16 01.26 01.42 01.51 01.38 01.23 01.17 00.97 01.18 01.28 01.48 01.38 01.28 01.23 01.30 01.15 01.21 01.73 01.41 01.11 00.98 01.05 01.10 01.21 01.27 01.43 01.60 01.64 01.46 01.28 01.31 01.44 01.57 01.57 01.50 01.52 01.57 01.59 01.75 01.64 01.49 01.49 01.73 01.96 02.09 01.97 01.88 01.70 01.19 01.15 01.23 01.15 01.28 01.15 01.13 01.11 01.21 01.10 01.08 01.10 01.11 01.07 00.93 00.87 00.86 00.87 00.74 00.51 00.81 00.11 00.08 00.11 00.15 00.15
01.05 01.08 01.11 01.16 01.25 01.43 01.88 01.49 01.12 00.91 01.05 01.19 01.28 01.34 01.16 01.26 01.31 01.27 01.17 01.52 01.43 01.45 01.63 00.94 01.00 01.11 01.11 01.22 01.21 01.33 01.53 01.41 01.26 01.36 01.43 01.43 01.41 01.60 01.77 01.82 01.56 01.59 01.67 01.80 01.46 01.49 01.86 02.03 02.16 01.83 01.88 01.85 01.84 01.81 01.86 01.50 01.85 01.77 01.64 02.04 02.13 01.78 01.31 01.02 01.03 00.94 00.84 00.87 00.86 00.73 00.24 00.11 00.09 00.10 00.15 00.16 -1.00
01.03 01.06 01.08 01.15 01.26 01.50 01.79 01.17 01.12 00.99 01.11 01.21 01.32 01.35 01.21 01.29 01.33 01.37 01.42 01.70 01.32 01.60 02.11 00.89 00.96 01.04 01.06 01.13 01.22 01.19 01.14 01.15 01.32 01.43 01.55 01.61 01.67 01.74 01.82 01.85 01.84 01.58 01.66 01.78 01.57 01.35 01.67 01.98 02.12 01.78 01.89 02.10 01.90 01.65 01.72 01.77 01.77 01.71 01.84 02.12 01.78 01.55 01.23 00.93 00.93 00.90 00.83 00.79 00.63 00.14 00.10 00.09 00.12 00.15 00.17 00.18 -1.00
01.02 01.04 01.07 01.14 01.25 01.46 01.47 01.13 01.21 00.98 01.12 01.26 01.35 01.36 01.24 01.31 01.38 01.46 01.50 01.46 01.53 01.75 01.93 00.85 00.95 00.99 01.04 01.11 01.17 01.14 01.12 01.21 01.30 01.41 01.48 01.51 01.56 01.58 01.66 01.70 01.73 01.71 01.61 01.69 01.56 01.39 01.34 01.87 02.10 01.95 01.88 01.92 01.68 01.59 01.53 01.67 01.70 01.92 02.07 01.73 01.45 01.28 01.21 01.17 00.82 00.80 00.84 00.36 00.14 00.11 00.09 00.13 00.16 00.18 00.17 -1.00 -1.00
01.02 01.03 01.07 01.13 01.25 01.26 01.31 01.28 01.32 00.96 01.09 01.18 01.36 01.23 01.30 01.35 01.43 01.50 01.50 01.47 01.51 01.46 01.60 00.82 00.91 00.96 01.03 01.08 01.10 01.08 01.13 01.19 01.28 01.34 01.39 01.47 01.50 01.49 01.53 01.59 01.59 01.59 01.58 01.60 01.55 01.40 01.31 01.76 01.93 01.87 01.80 01.60 01.56 01.48 01.44 01.49 01.65 01.74 01.64 01.31 01.19 01.10 01.05 01.04 00.80 00.78 00.76 00.16 00.11 00.09 00.13 00.16 00.18 00.18 -1.00 -1.00 -1.00
01.01 01.03 01.06 01.11 01.22 01.12 01.14 01.14 01.20 00.94 01.12 01.22 01.18 01.20 01.20 01.29 01.42 01.48 01.43 01.48 01.51 01.48 01.43 00.79 00.82 00.93 01.00 01.05 01.02 01.07 01.12 01.18 01.25 01.31 01.37 01.42 01.45 01.46 01.48 01.52 01.53 01.50 01.45 01.51 01.50 01.39 01.26 01.57 01.72 01.67 01.53 01.42 01.36 01.30 01.32 01.34 01.38 01.41 01.21 01.01 00.97 00.92 00.91 00.86 00.78 00.78 00.17 00.11 00.10 00.13 00.16 00.18 00.17 -1.00 -1.00 -1.00 -1.00
00.99 01.02 01.05 01.09 01.15 01.20 01.19 01.10 00.98 01.05 01.06 01.10 01.16 01.20 01.16 01.24 01.30 01.38 01.46 01.52 01.50 01.43 01.41 00.82 00.77 00.90 00.97 01.00 01.00 01.05 01.11 01.18 01.25 01.32 01.38 01.43 01.44 01.45 01.46 01.46 01.47 01.45 01.43 01.43 01.42 01.35 01.20 01.30 01.53 01.43 01.32 01.25 01.23 01.21 01.23 01.25 01.24 01.22 00.94 00.76 00.81 00.72 00.72 00.71 00.72 00.17 00.12 00.12 00.10 00.15 00.17 00.17 -1.00 -1.00 -1.00 -1.00 -1.00
00.97 01.00 01.04 01.07 01.13 01.18 01.20 01.12 00.92 01.01 01.06 01.13 01.20 01.25 01.30 01.42 01.40 01.62 01.51 01.51 01.49 01.46 01.43 01.41 00.74 00.86 00.94 00.95 00.97 01.03 01.09 01.17 01.25 01.32 01.38 01.44 01.44 01.45 01.45 01.44 01.43 01.42 01.40 01.39 01.36 01.25 01.15 01.32 01.29 01.23 01.18 01.15 01.12 01.13 01.14 01.13 01.14 01.16 01.07 00.92 01.04 01.35 01.28 01.25 00.15 00.12 00.10 00.11 00.13 00.16 00.17 00.17 -1.00 -1.00 -1.00 -1.00 -1.00
00.96 00.99 01.03 01.06 01.12 01.17 01.17 01.01 00.94 00.97 01.00 01.10 01.19 01.24 01.30 01.39 01.45 01.45 01.55 01.50 01.49 01.51 01.43 01.41 01.38 00.82 00.90 00.89 00.95 01.00 01.07 01.16 01.24 01.32 01.40 01.43 01.44 01.44 01.44 01.42 01.41 01.39 01.37 01.36 01.30 01.14 00.98 01.11 01.13 01.13 01.09 01.06 01.06 01.07 01.07 01.07 01.07 00.96 01.25 01.27 01.36 01.33 01.32 00.92 00.16 00.14 00.12 00.12 00.17 00.17 00.18 -1.00 -1.00 -1.00 -1.00 -1.00 -1.00
00.95 00.98 01.02 01.06 01.11 01.17 01.19 01.02 00.93 00.94 01.00 01.10 01.18 01.23 01.29 01.24 01.32 01.39 01.24 01.44 01.50 01.48 01.46 01.41 01.39 00.76 00.86 00.86 00.92 00.97 01.05 01.15 01.25 01.33 01.41 01.43 01.43 01.44 01.42 01.40 01.38 01.36 01.35 01.33 01.24 00.95 00.92 01.13 01.03 01.03 01.01 01.00 01.01 01.01 01.01 01.01 00.97 01.40 01.38 01.41 01.44 01.45 01.45 01.31 00.18 00.17 00.13 00.10 00.13 00.15 00.18 -1.00 -1.00 00.12 00.12 00.11 00.10
00.94 00.97 01.01 01.05 01.10 01.17 01.25 01.28 00.91 00.93 00.98 01.08 01.16 01.21 01.20 01.17 01.29 01.26 01.13 01.10 01.44 01.46 01.46 01.44 01.40 00.72 00.80 00.81 00.87 00.94 01.03 01.16 01.26 01.34 01.41 01.43 01.44 01.44 01.39 01.37 01.35 01.33 01.32 01.29 01.05 01.09 01.23 01.09 00.98 00.89 00.88 00.92 00.93 00.94 00.96 00.99 01.64 01.57 01.43 01.43 01.43 01.44 01.47 01.36 00.19 00.18 00.13 00.11 00.13 00.14 00.16 00.12 00.10 00.09 00.09 00.16 00.27
00.93 00.96 01.01 01.05 01.10 01.16 01.26 01.25 00.88 00.91 00.96 01.04 01.12 01.14 01.10 01.16 01.24 01.21 01.50 01.15 01.07 01.47 01.48 01.46 01.46 01.45 00.74 00.76 00.81 00.90 01.02 01.16 01.27 01.36 01.42 01.43 01.45 01.41 01.35 01.33 01.31 01.30 01.28 01.26 00.91 01.31 01.16 01.11 00.86 00.78 00.82 00.86 00.87 00.89 01.09 01.39 01.51 01.59 01.43 01.43 01.42 01.40 01.48 01.50 00.19 00.19 00.14 00.12 00.13 00.16 00.10 00.07 00.24 00.49 00.51 00.52 00.52
00.93 00.95 01.00 01.04 01.09 01.17 01.27 01.27 00.83 00.89 00.93 01.01 01.08 01.04 01.09 01.14 01.19 01.35 01.46 01.34 01.22 01.50 01.52 01.52 01.46 01.44 00.70 00.73 00.74 00.85 01.00 01.16 01.29 01.38 01.42 01.44 01.45 01.42 01.31 01.29 01.27 01.25 01.22 01.22 00.89 01.34 01.24 01.26 01.39 00.75 01.36 01.18 00.95 01.20 01.18 01.47 01.54 01.60 01.52 01.44 01.37 01.37 01.47 00.92 00.20 00.19 00.15 00.12 00.12 00.08 00.31 00.51 00.53 00.56 00.55 00.54 00.53
00.92 00.95 00.99 01.03 01.09 01.16 01.28 01.41 01.61 00.85 00.90 00.99 01.00 01.02 01.08 01.13 01.17 01.30 01.28 01.21 01.33 01.50 01.58 01.51 01.48 01.42 01.39 00.70 00.67 00.80 00.97 01.16 01.30 01.39 01.42 01.44 01.45 01.43 01.38 01.26 01.23 01.19 01.15 01.18 00.90 01.36 01.30 01.38 01.37 01.38 01.39 01.29 01.08 01.24 01.40 01.51 01.56 01.60 01.63 01.44 01.30 01.37 01.46 00.23 00.23 00.19 00.16 00.13 00.10 00.50 00.51 00.55 00.61 00.63 00.66 00.69 00.70
00.92 00.94 00.97 01.03 01.08 01.17 01.29 01.46 01.48 00.80 00.84 00.94 00.95 01.01 01.07 01.11 01.15 01.23 01.14 01.13 01.14 01.16 01.51 01.52 01.48 01.40 00.88 00.92 00.87 00.73 00.92 01.17 01.31 01.42 01.43 01.44 01.44 01.42 01.35 01.26 01.19 01.14 01.11 01.13 00.96 01.32 01.37 01.38 01.37 01.36 01.35 00.98 01.08 01.29 01.41 01.52 01.58 01.61 01.55 01.43 01.29 01.36 01.47 00.25 00.26 00.21 00.28 00.47 00.63 00.57 00.59 00.60 00.62 00.65 00.68 00.63 00.66
00.92 00.93 00.96 01.01 01.07 01.18 01.30 01.51 01.94 00.75 00.77 00.89 00.93 00.99 01.06 01.10 01.14 01.18 01.29 01.23 01.11 01.13 01.33 01.48 01.47 01.40 00.94 00.90 00.85 00.78 00.94 01.18 01.29 01.42 01.43 01.43 01.42 01.38 01.30 01.22 01.15 01.10 01.08 01.08 00.92 01.23 01.43 01.41 01.36 01.33 01.28 00.99 01.34 01.18 01.75 01.48 01.82 01.56 01.42 01.32 01.30 01.36 01.50 00.26 00.27 00.69 00.67 00.71 00.73 00.70 00.73 00.74 00.78 00.80 00.84 00.79 00.79
00.91 00.92 00.94 00.99 01.06 01.17 01.32 01.62 01.90 01.02 00.75 00.84 00.88 00.96 01.04 01.10 01.14 01.18 01.28 01.46 01.28 01.10 01.11 01.41 01.50 01.34 01.02 00.78 00.82 00.98 01.31 01.36 01.41 01.43 01.43 01.41 01.39 01.35 01.27 01.18 01.11 01.07 01.05 01.03 00.94 00.98 00.99 00.98 01.31 01.29 00.92 00.97 01.40 01.66 01.96 02.23 02.41 01.40 01.29 01.30 01.33 01.36 01.47 00.26 00.27 01.21 00.96 00.80 00.74 00.86 00.85 00.85 00.85 00.87 00.84 00.90 00.83
00.90 00.91 00.92 00.97 01.05 01.16 01.34 01.70 01.11 01.32 00.72 00.78 00.82 00.93 01.04 01.09 01.14 01.20 01.34 01.45 01.36 01.07 01.04 01.41 01.48 01.27 01.04 00.76 00.98 01.21 01.32 01.37 01.42 01.43 01.43 01.41 01.38 01.35 01.25 01.13 01.07 01.03 01.00 00.98 01.05 01.12 01.09 00.95 01.24 01.30 00.94 01.23 01.50 01.76 02.03 02.26 02.24 01.47 01.30 01.32 01.34 01.35 01.47 00.26 00.27 01.05 00.77 00.73 00.84 00.96 00.84 01.01 01.14 01.02 00.93 00.88 00.85
00.88 00.90 00.91 00.96 01.02 01.14 01.47 01.40 01.38 01.40 01.20 00.73 00.76 00.93 01.04 01.08 01.13 01.20 01.32 01.35 01.21 00.99 00.95 01.35 01.29 01.18 00.71 00.73 01.00 01.24 01.33 01.39 01.43 01.44 01.42 01.39 01.37 01.32 01.23 01.10 01.02 00.98 00.95 00.92 01.04 01.11 01.28 00.92 01.27 01.39 01.01 01.27 01.57 01.87 02.14 02.17 02.10 01.72 01.31 01.32 01.33 01.32 01.40 00.24 00.25 00.50 00.75 00.80 00.86 00.90 01.00 01.08 01.27 01.29 01.22 00.93 00.99
00.88 00.90 00.91 00.95 01.00 01.12 01.23 01.19 01.38 01.39 01.15 01.12 00.70 00.89 01.05 01.07 01.12 01.19 01.31 01.23 01.10 00.88 01.10 01.10 01.11 01.08 01.06 00.65 00.96 01.28 01.35 01.41 01.43 01.44 01.41 01.38 01.35 01.26 01.19 01.05 00.96 00.91 00.89 01.02 01.04 01.17 01.20 00.88 01.30 01.32 01.12 01.33 01.67 01.97 02.10 02.04 01.97 01.31 01.29 01.32 01.28 01.23 01.30 00.23 00.22 00.17 00.59 00.77 00.85 00.89 01.00 01.16 01.28 01.43 01.37 01.30 01.31
00.87 00.89 00.90 00.95 00.98 01.07 01.10 01.59 01.36 01.38 01.22 01.23 00.78 00.91 01.04 01.06 01.10 01.17 01.24 01.13 00.97 01.05 01.08 01.11 01.13 01.15 01.17 00.64 00.93 01.28 01.37 01.44 01.44 01.42 01.39 01.36 01.28 01.19 01.12 00.95 00.91 00.83 01.09 00.95 01.02 01.18 01.05 00.87 01.26 01.30 01.15 01.42 01.73 01.93 01.95 01.90 01.78 01.39 01.24 01.19 01.15 01.14 01.18 00.22 00.21 00.14 00.43 00.71 00.86 00.94 01.06 01.17 01.32 01.48 01.57 01.54 01.35
00.85 00.88 00.89 00.93 00.98 01.04 01.16 01.27 01.34 01.22 01.21 01.11 00.80 01.00 01.03 01.05 01.09 01.14 01.12 01.02 01.05 01.07 01.09 01.11 01.14 01.16 01.16 00.68 01.07 01.28 01.41 01.47 01.45 01.41 01.36 01.31 01.19 01.16 01.06 00.93 00.79 01.12 01.03 00.92 00.99 01.20 00.95 00.87 01.44 01.25 01.18 01.29 01.30 01.75 01.80 01.70 01.54 01.43 01.08 01.08 01.08 01.04 01.11 00.19 00.19 00.14 00.09 00.56 00.84 01.00 01.11 01.23 01.37 01.51 01.60 01.57 01.45
00.84 00.86 00.88 00.91 00.94 01.00 01.14 01.10 01.04 00.86 00.91 00.81 00.77 01.00 01.02 01.04 01.07 01.11 01.11 01.15 01.01 01.10 01.06 01.06 01.11 01.15 01.17 01.13 01.09 01.33 01.42 01.45 01.46 01.41 01.37 01.25 01.24 01.17 00.98 01.22 01.08 01.13 00.99 00.89 01.01 01.13 00.99 00.89 00.91 00.91 00.97 01.13 01.22 01.57 01.58 01.42 01.30 01.22 01.02 01.02 01.00 01.01 00.82 00.18 00.19 00.13 00.10 00.11 00.80 01.00 01.13 01.27 01.36 01.44 01.52 01.60 01.56
