Assets/WUInity/Farsite/test_dataset/Ashley/output/test.hpa
NCOLS 382
NROWS 266
XLLCORNER 157819.328125
YLLCORNER 384678.625000
CELLSIZE 30.000000
NODATA_VALUE -1
[rows 234 to 259 of 266, columns 180 to 239 of 382]
05779.190 05708.245 05682.837 05665.712 05658.535 05673.326 05659.059 05567.852 01068.099 01065.101 01063.046 01059.080 01056.093 01054.870 01055.358 01051.515 01050.840 01049.867 01048.508 01047.665 01046.189 01043.902 01041.742 01041.675 01041.615 01041.450 01041.235 01041.768 01038.904 01034.819 01033.408 01031.560 01029.003 01026.727 01024.981 01023.400 01022.503 01021.845 01020.007 01018.253 01016.385 01014.848 01014.808 01014.773 01014.637 01013.409 01013.003 01011.481 01009.954 01008.151 01006.497 01006.959 01010.502 01011.893 01012.239 01012.763 01013.894 01015.485 01016.943 01018.609
02881.077 05759.406 05736.521 05717.355 05699.844 05718.540 03419.125 05626.833 02519.030 01072.632 01067.824 01067.350 01063.947 01059.874 01060.213 01060.724 01058.773 01056.789 01055.833 01054.740 01053.367 01052.111 01050.918 01049.952 01049.229 01048.516 01047.768 01047.794 01046.005 01042.774 01040.463 01037.915 01034.843 01033.272 01032.070 01030.643 01028.071 01027.467 01026.923 01026.085 01025.029 01023.508 01021.954 01022.059 01022.576 01022.505 01020.260 01019.289 01019.200 01019.111 01018.386 01017.633 01018.648 01020.972 01021.393 01021.649 01021.940 01022.623 01023.651 01024.665
01897.412 02618.458 05794.244 05771.997 05755.383 03387.346 01945.303 01103.037 02359.630 01327.303 01110.819 01075.493 01073.336 01071.214 01066.747 01066.796 01063.890 01063.377 01062.509 01061.562 01060.796 01059.684 01057.901 01055.852 01055.629 01055.352 01054.877 01054.186 01053.447 01049.723 01048.164 01046.211 01043.573 01042.071 01040.409 01037.243 01036.103 01037.966 01035.058 01032.982 01030.833 01030.061 01029.202 01028.164 01027.493 01027.095 01026.732 01026.160 01026.042 01025.984 01025.925 01026.433 01026.846 01026.983 01027.050 01027.161 01027.314 01027.499 01028.087 01029.296
01266.706 01146.237 01144.342 01667.212 01135.996 02132.533 01187.535 01106.240 01752.757 01093.633 01087.399 01083.884 01081.658 01079.346 01075.459 01068.903 01069.177 01069.455 01069.278 01068.932 01068.212 01066.235 01064.635 01063.368 01062.662 01062.328 01062.007 01060.815 01059.518 01056.981 01054.387 01052.135 01051.171 01049.655 01048.681 01047.891 01046.994 01044.986 01044.211 01038.213 01036.689 01036.402 01034.833 01033.855 01033.386 01032.981 01032.574 01031.868 01031.290 01031.219 01031.170 01031.244 01031.868 01032.478 01032.545 01032.623 01032.733 01032.904 01033.091 01033.594
01151.558 01151.513 01148.679 01148.178 01135.303 01200.461 01116.677 01110.569 01103.899 01099.091 01096.667 01093.350 01090.337 01086.945 01084.362 01082.670 01075.364 01075.017 01076.253 01075.019 01073.855 01073.194 01071.346 01068.904 01066.619 01067.085 01067.512 01067.708 01067.105 01064.619 01061.096 01058.369 01056.694 01055.851 01055.375 01055.249 01054.562 01051.871 01050.437 01049.258 01047.034 01044.944 01042.744 01040.516 01038.676 01037.651 01036.747 01036.042 01035.480 01035.327 01035.290 01035.274 01035.381 01035.763 01036.194 01036.275 01036.419 01036.620 01036.999 01037.444
01148.848 01151.137 01152.991 01147.163 01134.614 01127.050 01120.687 01113.586 01108.066 01103.789 01101.421 01099.271 01097.728 01096.029 01093.655 01091.931 01088.929 01080.183 01082.146 01082.642 01081.959 01080.628 01079.851 01077.841 01075.422 01074.520 01075.219 01075.960 01075.198 01073.407 01069.954 01067.713 01065.395 01062.215 01060.879 01061.269 01061.885 01058.666 01056.984 01055.113 01053.815 01052.310 01050.055 01047.387 01044.857 01043.838 01043.238 01042.636 01041.993 01041.535 01041.475 01041.434 01041.419 01041.709 01042.164 01042.488 01042.556 01042.722 01042.886 01043.000
-0001.000 01147.956 01149.251 01146.381 01138.128 01130.732 01123.848 01118.624 01111.941 01108.412 01105.285 01103.539 01101.988 01100.545 01099.312 01098.086 01098.205 01095.922 01094.034 01090.975 01089.164 01088.270 01086.441 01084.951 01084.480 01083.630 01083.260 01082.920 01082.607 01081.998 01079.228 01076.257 01074.703 01072.357 01070.574 01067.821 01067.249 01067.394 01065.316 01061.984 01059.843 01058.677 01057.508 01057.681 01057.485 01054.078 01053.532 01054.013 01053.125 01053.992 01054.301 01053.388 01050.398 01047.120 01047.495 01047.928 01048.082 01048.080 01047.987 01048.025
-0001.000 -0001.000 -0001.000 01153.599 01142.257 01134.547 01127.617 01121.929 01116.062 01112.508 01110.427 01107.516 01105.411 01103.629 01103.698 01103.219 01101.755 01100.378 01098.933 01097.972 01097.306 01096.232 01096.170 01093.417 01092.948 01091.749 01091.363 01092.017 01091.100 01090.332 01089.048 01086.061 01083.923 01081.709 01079.737 01077.512 01074.973 01073.521 01072.976 01070.051 01066.575 01065.160 01064.167 01063.790 01064.227 01064.774 01064.296 01063.669 01062.928 01061.945 01060.860 01058.115 01055.697 01053.810 01052.676 01053.222 01053.768 01053.266 01053.419 01053.740
-0001.000 -0001.000 -0001.000 -0001.000 -0001.000 01138.560 01131.852 01125.897 01120.830 01117.812 01114.049 01111.947 01110.693 01108.311 01106.965 01106.447 01105.145 01104.390 01103.837 01102.450 01101.808 01101.831 01100.371 01098.655 01097.108 01097.522 01098.092 01097.783 01097.206 01096.434 01096.996 01095.380 01092.485 01088.933 01086.313 01084.858 01083.678 01081.451 01079.374 01077.453 01074.305 01072.087 01071.670 01071.342 01070.632 01069.701 01067.743 01065.886 01067.328 01065.376 01061.670 01060.520 01060.067 01059.029 01057.752 01057.591 01058.121 01058.505 01058.486 01058.654
-0001.000 -0001.000 -0001.000 -0001.000 -0001.000 -0001.000 -0001.000 01130.180 01125.160 01121.866 01119.576 01116.108 01114.152 01112.617 01111.782 01110.955 01109.882 01108.575 01107.090 01106.077 01104.881 01104.787 01104.416 01103.808 01103.426 01102.703 01101.751 01101.049 01100.406 01100.473 01100.854 01099.821 01098.709 01096.642 01095.508 01093.542 01091.222 01088.782 01085.803 01083.260 01081.953 01079.727 01078.999 01078.986 01075.776 01070.457 01069.248 01066.978 01064.750 01064.194 01063.960 01063.592 01063.636 01063.705 01063.424 01063.237 01063.572 01063.717 01063.694 01063.837
-0001.000 -0001.000 -0001.000 -0001.000 -0001.000 -0001.000 -0001.000 -0001.000 01130.199 01126.575 01123.438 01120.942 01119.595 01117.804 01115.742 01114.453 01113.231 01112.584 01111.985 01110.749 01109.873 01109.122 01108.177 01107.316 01106.748 01106.236 01105.771 01105.205 01104.269 01103.718 01103.938 01103.878 01103.274 01100.999 01099.154 01098.748 01097.855 01096.504 01094.980 01091.965 01089.533 01087.154 01084.346 01082.603 01081.892 01078.684 01073.985 01071.836 01071.264 01070.681 01069.961 01069.223 01068.944 01068.749 01069.332 01070.842 01071.742 01070.591 01069.973 01070.051
-0001.000 -0001.000 -0001.000 -0001.000 -0001.000 -0001.000 -0001.000 -0001.000 -0001.000 -0001.000 -0001.000 01125.216 01123.385 01121.833 01120.819 01119.830 01118.458 01116.798 01115.373 01114.245 01113.080 01112.720 01112.588 01111.836 01111.047 01110.226 01109.245 01108.678 01107.802 01107.110 01107.842 01107.945 01106.338 01105.466 01104.437 01104.257 01103.067 01101.624 01100.226 01099.627 01096.565 01093.172 01092.151 01090.414 01087.288 01084.100 01080.707 01077.733 01077.104 01076.389 01076.118 01075.446 01074.866 01076.719 01078.495 01076.948 01075.021 01074.721 01075.134 01075.403
-0001.000 -0001.000 -0001.000 -0001.000 -0001.000 -0001.000 -0001.000 -0001.000 -0001.000 -0001.000 -0001.000 -0001.000 01127.836 01126.299 01124.908 01123.583 01122.249 01121.287 01120.434 01119.381 01118.004 01116.772 01116.172 01115.297 01114.436 01114.052 01113.050 01112.190 01111.652 01111.413 01111.511 01112.193 01111.683 01110.118 01108.939 01108.161 01107.298 01105.939 01105.159 01103.650 01101.819 01099.241 01095.481 01094.102 01093.281 01091.673 01088.445 01085.486 01085.455 01085.824 01084.388 01083.172 01081.849 01082.299 01084.638 01085.506 01083.177 01081.033 01081.680 01082.305
-0001.000 -0001.000 -0001.000 -0001.000 -0001.000 -0001.000 -0001.000 -0001.000 -0001.000 -0001.000 -0001.000 -0001.000 -0001.000 01131.130 01129.343 01127.926 01126.609 01125.389 01124.204 01123.021 01121.975 01121.325 01120.659 01120.102 01119.434 01118.929 01117.718 01116.203 01115.112 01115.365 01115.651 01115.898 01115.535 01114.162 01113.076 01112.357 01111.651 01110.560 01109.124 01106.961 01105.274 01103.209 01101.076 01099.557 01098.545 01097.473 01094.490 01091.031 01089.685 01091.344 01089.536 01087.132 01086.850 01086.515 01090.249 01093.699 01091.539 01087.970 01086.375 01086.695
-0001.000 -0001.000 -0001.000 -0001.000 -0001.000 -0001.000 -0001.000 -0001.000 -0001.000 -0001.000 -0001.000 -0001.000 -0001.000 -0001.000 -0001.000 01132.295 01131.045 01129.729 01128.477 01127.342 01126.200 01125.095 01123.956 01122.920 01122.545 01122.246 01121.837 01121.207 01120.531 01120.196 01120.044 01120.312 01121.090 01120.020 01117.988 01116.402 01115.147 01114.050 01113.384 01112.487 01109.411 01105.611 01102.097 01099.894 01100.321 01100.463 01098.935 01095.972 01093.054 01092.838 01092.862 01091.990 01091.061 01090.505 01093.769 01099.100 01102.040 01101.326 01101.280 01097.615
-0001.000 -0001.000 -0001.000 -0001.000 -0001.000 -0001.000 -0001.000 -0001.000 -0001.000 -0001.000 -0001.000 -0001.000 -0001.000 -0001.000 -0001.000 -0001.000 01135.413 01134.215 01132.868 01131.697 01130.466 01129.222 01128.202 01127.177 01126.953 01126.740 01126.046 01125.182 01124.425 01123.953 01124.057 01124.163 01125.546 01123.632 01122.381 01121.493 01120.574 01119.034 01117.069 01115.651 01114.231 01111.802 01107.699 01103.617 01102.058 01100.959 01099.710 01098.714 01097.144 01096.271 01095.956 01095.311 01096.189 01100.259 01105.335 01106.291 01106.686 01106.478 01106.100 01103.095
-0001.000 -0001.000 -0001.000 -0001.000 -0001.000 -0001.000 -0001.000 -0001.000 -0001.000 -0001.000 -0001.000 -0001.000 -0001.000 -0001.000 -0001.000 -0001.000 -0001.000 -0001.000 -0001.000 01135.999 01134.018 01132.956 01132.315 01131.946 01131.517 01131.103 01130.195 01129.415 01128.659 01127.901 01128.323 01128.763 01129.491 01128.168 01126.770 01125.450 01124.231 01123.056 01121.980 01120.903 01119.095 01115.938 01114.339 01111.187 01106.972 01104.358 01103.461 01102.386 01101.411 01100.883 01101.142 01100.170 01098.741 01098.483 01097.997 01098.450 01100.002 01100.544 01098.672 01096.918
-0001.000 -0001.000 -0001.000 -0001.000 -0001.000 -0001.000 -0001.000 -0001.000 -0001.000 -0001.000 -0001.000 -0001.000 -0001.000 -0001.000 -0001.000 -0001.000 -0001.000 -0001.000 -0001.000 -0001.000 -0001.000 01138.728 01137.413 -0001.000 -0001.000 01134.517 01134.462 01133.812 01133.103 01132.571 01132.635 01132.971 01133.369 01132.822 01131.158 01129.773 01128.556 01127.301 01126.019 01124.733 01123.335 01121.768 01121.557 01121.443 01120.988 01117.779 01114.257 01112.622 01112.969 01111.158 01105.654 01102.379 01101.599 01101.354 01101.471 01101.856 01102.771 01103.760 01102.342 01100.831
-0001.000 -0001.000 -0001.000 -0001.000 -0001.000 -0001.000 -0001.000 -0001.000 -0001.000 -0001.000 -0001.000 -0001.000 -0001.000 -0001.000 -0001.000 -0001.000 -0001.000 -0001.000 -0001.000 -0001.000 -0001.000 -0001.000 -0001.000 -0001.000 -0001.000 -0001.000 -0001.000 01138.485 01137.885 01137.086 01136.655 01136.918 01137.165 01137.956 01135.567 01133.996 01132.929 01131.860 01130.599 01129.290 01128.088 01127.004 01126.124 01125.404 01124.915 01123.583 01121.662 01120.267 01121.029 01121.971 01122.473 01122.060 01118.459 01113.639 01108.047 01105.310 01105.780 01106.477 01106.324 01105.099
-0001.000 -0001.000 -0001.000 -0001.000 -0001.000 -0001.000 -0001.000 -0001.000 -0001.000 -0001.000 -0001.000 -0001.000 -0001.000 -0001.000 -0001.000 -0001.000 -0001.000 -0001.000 -0001.000 -0001.000 -0001.000 -0001.000 -0001.000 -0001.000 -0001.000 -0001.000 -0001.000 -0001.000 -0001.000 01141.949 01141.323 01141.639 01141.989 01142.794 01140.611 01139.000 01137.583 01136.445 01135.272 01134.004 01132.773 01131.526 01130.628 01130.023 01129.136 01128.569 01128.151 01127.692 02093.751 02900.109 02811.687 02203.759 01507.868 01126.332 01117.927 01111.123 01108.156 01107.930 01107.707 01107.804
-0001.000 -0001.000 -0001.000 -0001.000 -0001.000 -0001.000 -0001.000 -0001.000 -0001.000 -0001.000 -0001.000 -0001.000 -0001.000 -0001.000 -0001.000 -0001.000 -0001.000 -0001.000 -0001.000 -0001.000 -0001.000 -0001.000 -0001.000 -0001.000 -0001.000 -0001.000 -0001.000 -0001.000 -0001.000 -0001.000 -0001.000 -0001.000 01147.272 -0001.000 01145.250 01143.805 01142.420 01141.336 01140.088 01138.669 01137.290 01135.997 01134.854 01134.295 01133.958 01136.899 01145.873 01147.806 01844.539 03494.624 05986.853 06060.194 05964.451 03142.669 01541.826 01178.399 01125.206 01118.852 01113.082 01111.331
-0001.000 -0001.000 -0001.000 -0001.000 -0001.000 -0001.000 -0001.000 -0001.000 -0001.000 -0001.000 -0001.000 -0001.000 -0001.000 -0001.000 -0001.000 -0001.000 -0001.000 -0001.000 -0001.000 -0001.000 -0001.000 -0001.000 -0001.000 -0001.000 -0001.000 -0001.000 -0001.000 -0001.000 -0001.000 -0001.000 -0001.000 -0001.000 -0001.000 -0001.000 -0001.000 -0001.000 01146.621 01145.985 01145.383 01143.928 01142.656 01141.069 01139.924 01138.829 01138.127 01137.896 01547.951 01564.381 01346.151 02889.260 05069.400 06087.731 06084.548 06078.468 04754.083 02586.808 01198.213 01126.504 01120.799 01116.760
-0001.000 -0001.000 -0001.000 -0001.000 -0001.000 -0001.000 -0001.000 -0001.000 -0001.000 -0001.000 -0001.000 -0001.000 -0001.000 -0001.000 -0001.000 -0001.000 -0001.000 -0001.000 -0001.000 -0001.000 -0001.000 -0001.000 -0001.000 -0001.000 -0001.000 -0001.000 -0001.000 -0001.000 -0001.000 -0001.000 -0001.000 -0001.000 -0001.000 -0001.000 -0001.000 -0001.000 -0001.000 -0001.000 -0001.000 -0001.000 -0001.000 01145.659 01144.255 01143.650 01143.372 01142.932 01890.930 03395.205 05515.025 06112.918 06115.251 06147.137 06204.896 06127.724 06101.379 06093.610 04061.086 02252.768 01558.645 01153.175
-0001.000 -0001.000 -0001.000 -0001.000 -0001.000 -0001.000 -0001.000 -0001.000 -0001.000 -0001.000 -0001.000 -0001.000 -0001.000 -0001.000 -0001.000 -0001.000 -0001.000 -0001.000 -0001.000 -0001.000 -0001.000 -0001.000 -0001.000 -0001.000 -0001.000 -0001.000 -0001.000 -0001.000 -0001.000 -0001.000 -0001.000 -0001.000 -0001.000 -0001.000 -0001.000 -0001.000 -0001.000 -0001.000 -0001.000 -0001.000 -0001.000 -0001.000 -0001.000 01147.141 01147.073 -0001.000 -0001.000 -0001.000 05496.608 06136.504 06138.978 06141.622 06167.840 06248.111 06299.455 06233.295 06221.304 06163.915 06122.074 05768.375
-0001.000 -0001.000 -0001.000 -0001.000 -0001.000 -0001.000 -0001.000 -0001.000 -0001.000 -0001.000 -0001.000 -0001.000 -0001.000 -0001.000 -0001.000 -0001.000 -0001.000 -0001.000 -0001.000 -0001.000 -0001.000 -0001.000 -0001.000 -0001.000 -0001.000 -0001.000 -0001.000 -0001.000 -0001.000 -0001.000 -0001.000 -0001.000 -0001.000 -0001.000 -0001.000 -0001.000 -0001.000 -0001.000 -0001.000 -0001.000 -0001.000 -0001.000 -0001.000 -0001.000 -0001.000 -0001.000 -0001.000 -0001.000 -0001.000 -0001.000 -0001.000 -0001.000 -0001.000 -0001.000 06172.318 06219.025 06208.609 06205.905 06197.733 06165.630
-0001.000 -0001.000 -0001.000 -0001.000 -0001.000 -0001.000 -0001.000 -0001.000 -0001.000 -0001.000 -0001.000 -0001.000 -0001.000 -0001.000 -0001.000 -0001.000 -0001.000 -0001.000 -0001.000 -0001.000 -0001.000 -0001.000 -0001.000 -0001.000 -0001.000 -0001.000 -0001.000 -0001.000 -0001.000 -0001.000 -0001.000 -0001.000 -0001.000 -0001.000 -0001.000 -0001.000 -0001.000 -0001.000 -0001.000 -0001.000 -0001.000 -0001.000 -0001.000 -0001.000 -0001.000 -0001.000 -0001.000 -0001.000 -0001.000 -0001.000 -0001.000 -0001.000 -0001.000 -0001.000 -0001.000 -0001.000 06152.287 06156.165 06160.901 06163.104
