Assets/WUInity/Farsite/test_dataset/Ashley/output/test.ros
NCOLS 382
NROWS 266
XLLCORNER 157819.328125
YLLCORNER 384678.625000
CELLSIZE 30.000000
NODATA_VALUE -1
[rows 204 to 237 of 266, columns 231 to 307 of 382]
05.04 05.42 05.81 06.02 06.25 06.45 11.29 14.17 15.22 15.68 15.84 15.89 15.89 15.63 15.52 15.49 15.60 15.64 15.61 15.45 15.17 15.13 15.18 15.23 15.27 15.37 15.45 15.40 15.39 15.40 15.44 15.54 15.58 15.64 15.74 13.18 10.95 10.09 10.39 08.84 08.57 08.02 07.31 07.34 07.49 07.61 07.70 07.80 07.89 07.93 07.93 07.51 07.50 07.43 07.29 07.23 07.32 07.35 06.53 03.92 03.78 03.77 03.77 03.75 03.73 03.72 03.72 03.70 03.82 03.75 03.66 03.55 03.47 03.39 03.27 03.16 03.07
04.81 05.08 05.32 06.13 08.73 10.61 12.15 12.97 13.50 13.81 14.02 14.43 14.55 14.32 14.42 14.57 14.53 14.34 14.40 14.20 14.27 14.23 14.28 14.35 14.44 14.40 14.42 14.47 14.55 14.60 14.50 14.35 14.12 14.23 10.05 09.97 10.07 10.20 10.13 10.10 10.07 09.86 09.64 09.38 06.76 07.00 07.34 07.51 07.49 07.67 07.84 07.95 07.95 07.73 07.60 06.33 04.22 03.79 03.78 03.82 03.78 03.69 03.67 03.63 03.59 03.49 03.70 03.71 03.67 03.58 03.50 03.40 03.27 03.20 03.05 02.91 02.72
09.76 09.22 08.53 08.79 09.44 10.09 10.82 11.33 11.12 11.68 12.16 12.54 12.84 13.02 12.95 13.02 13.26 13.62 13.82 13.91 13.95 13.88 13.89 13.82 13.74 13.83 13.89 13.87 13.57 13.54 13.60 13.69 09.59 09.41 09.39 09.40 09.40 09.42 09.61 09.72 09.77 09.72 09.81 09.80 09.78 09.73 08.45 08.04 07.60 07.39 07.40 07.58 07.70 05.19 03.92 03.82 03.69 03.60 03.55 03.60 03.64 03.59 03.53 03.46 03.64 03.62 03.59 03.52 03.46 03.36 03.24 03.09 03.00 02.86 02.67 02.46 02.33
12.59 13.04 13.57 10.09 08.83 09.25 09.60 09.90 10.18 10.38 10.59 10.81 11.08 11.38 11.15 11.34 11.76 12.14 12.34 12.48 12.57 12.63 12.70 12.83 12.93 13.06 13.06 13.12 13.20 13.09 09.16 09.16 09.24 09.28 09.27 09.24 09.23 09.26 09.27 09.24 09.29 09.28 09.27 09.12 09.10 09.21 09.19 09.20 09.21 08.79 04.94 03.72 03.78 03.79 03.73 03.73 03.69 03.55 03.42 03.32 03.35 03.64 03.68 03.62 03.56 03.48 03.39 03.31 03.17 03.07 02.98 02.83 02.62 02.41 02.27 01.93 00.61
11.66 11.84 12.09 12.36 11.71 09.75 08.88 09.17 09.51 09.80 10.05 10.18 10.25 10.33 10.44 10.48 10.53 10.68 10.91 11.17 11.40 11.55 11.68 11.51 11.70 11.98 12.18 12.34 08.88 08.99 09.09 09.07 09.01 09.08 09.19 09.24 09.16 09.05 09.08 08.98 08.98 09.04 09.06 09.08 08.95 08.87 08.85 08.85 05.76 04.28 04.02 03.96 03.51 03.53 03.55 03.54 03.53 03.52 03.66 03.55 03.45 03.47 03.38 03.32 03.26 03.18 03.08 03.01 02.95 02.79 02.59 02.38 02.14 00.53 00.74 01.52 01.67
10.89 11.07 10.97 11.23 11.56 10.88 11.00 08.77 09.00 09.23 09.47 09.64 09.77 09.89 10.00 10.08 10.14 10.29 10.43 10.55 10.64 10.59 10.66 10.75 10.85 08.06 08.06 08.10 08.23 08.34 08.36 08.42 08.48 08.50 08.55 08.60 08.70 08.74 08.74 08.76 08.76 08.77 08.72 08.67 08.64 08.63 05.76 04.16 04.13 04.18 04.05 03.97 03.87 03.29 03.29 03.48 03.60 03.58 03.55 03.41 03.27 03.14 03.10 03.02 02.96 02.97 02.89 02.73 02.54 02.35 02.14 00.46 00.90 01.47 01.77 01.83 01.86
10.69 10.78 10.86 10.81 10.92 11.03 11.10 10.80 10.51 10.04 09.82 09.66 09.59 09.58 09.71 09.81 09.89 09.96 10.05 10.13 10.21 10.31 07.69 07.58 07.58 07.59 07.52 07.46 07.56 07.79 07.86 07.94 08.02 08.06 08.16 08.22 08.24 08.33 08.40 08.50 08.45 08.44 08.44 08.46 05.74 04.11 04.13 04.04 03.98 03.95 03.95 03.85 03.79 03.93 03.59 03.51 03.41 03.35 03.30 03.24 03.10 02.93 02.89 02.87 02.77 02.63 02.45 02.32 02.07 00.36 00.90 01.26 01.76 01.85 01.88 03.76 06.12
10.63 10.60 10.54 10.65 10.76 10.86 10.93 11.04 10.98 10.97 10.94 10.36 09.90 09.67 09.47 09.55 09.63 09.69 09.64 07.31 07.38 07.41 07.41 07.42 07.44 07.35 07.26 07.22 07.10 07.01 07.01 07.24 07.41 07.56 07.67 07.65 07.88 08.03 08.10 08.17 08.12 08.17 05.17 04.03 04.06 03.97 04.03 03.99 03.89 03.79 03.73 03.87 03.87 03.77 03.66 03.31 03.22 03.10 03.01 02.97 02.93 02.77 02.57 02.43 02.32 02.21 01.95 00.48 01.01 01.57 01.68 01.77 01.84 02.65 05.98 06.51 06.72
10.66 10.46 10.47 10.47 10.47 10.51 10.55 10.60 10.70 10.77 10.78 10.84 10.88 10.98 10.46 07.46 07.25 07.24 07.26 07.28 07.30 07.31 07.34 07.36 07.43 07.59 07.57 07.41 07.38 07.28 07.16 06.84 06.67 06.92 07.08 07.11 07.21 07.35 07.46 06.84 03.91 03.90 03.90 03.88 03.86 03.87 03.78 03.73 03.68 03.84 03.88 03.72 03.64 03.56 03.47 03.32 03.04 02.93 02.81 02.67 02.51 02.36 02.15 01.91 00.13 00.84 01.43 01.55 01.64 01.76 01.83 03.56 05.74 06.28 06.57 06.69 06.78
10.22 10.35 10.50 10.57 10.60 10.59 10.48 10.41 10.42 10.48 10.54 10.58 07.89 07.87 07.90 07.95 08.01 07.45 07.30 07.30 04.67 05.20 06.93 07.06 07.29 07.49 07.61 07.79 07.99 07.84 07.61 07.54 07.49 07.10 06.06 06.29 05.95 04.14 03.71 03.74 03.72 03.72 03.71 03.71 03.67 03.63 03.59 03.77 03.78 03.66 03.64 03.58 03.43 03.28 03.17 03.03 02.86 02.51 02.36 02.25 02.02 00.35 00.86 01.53 01.52 01.58 01.65 01.70 04.05 05.47 05.81 06.01 06.10 06.36 06.57 06.65 06.76
09.73 09.93 10.06 10.19 10.32 10.48 10.59 10.57 10.33 07.80 07.71 07.73 07.75 07.77 07.79 07.75 07.75 05.21 03.00 02.68 02.69 05.14 06.08 06.48 06.81 07.02 07.23 07.41 07.56 07.74 07.98 07.89 07.86 06.29 03.86 02.99 03.05 03.14 03.26 03.39 03.50 03.50 03.49 03.49 03.58 03.69 03.64 03.59 03.54 03.51 03.36 03.23 03.13 03.02 02.85 02.64 02.43 02.22 00.38 00.76 01.34 01.53 01.62 01.71 02.57 04.49 05.31 05.65 05.82 05.97 06.06 06.13 06.16 06.24 06.43 06.61 06.74
04.60 07.73 08.53 09.08 09.67 09.01 07.44 07.55 07.70 07.76 07.80 07.70 07.60 07.63 07.64 07.66 07.74 05.88 04.22 03.52 02.29 03.30 05.25 05.68 06.09 06.50 06.76 06.98 07.14 07.31 07.42 05.25 03.93 04.10 04.00 03.67 03.39 03.15 02.88 02.97 03.11 03.25 03.55 03.56 03.53 03.50 03.44 03.39 03.29 03.17 03.14 02.99 02.85 02.64 02.43 02.22 00.49 00.86 01.60 01.58 01.64 01.71 03.84 05.47 05.88 06.11 05.79 05.87 05.99 06.10 06.16 06.20 06.19 06.27 06.36 06.55 06.72
01.30 01.30 01.34 02.87 05.09 05.83 06.66 06.84 07.29 07.49 07.63 07.68 07.67 07.60 07.51 07.58 07.84 08.34 09.20 04.25 05.40 01.13 03.98 05.04 05.61 06.05 06.36 06.21 04.52 03.70 03.74 03.78 03.80 03.83 03.81 03.95 04.06 03.75 03.52 03.01 03.12 03.24 03.35 03.31 03.33 03.27 03.19 03.09 03.02 02.94 02.78 02.60 02.41 02.23 00.54 00.85 01.55 01.69 01.79 02.57 05.95 05.63 05.88 06.03 06.12 06.20 06.31 05.96 06.05 06.12 06.21 06.24 06.24 06.25 06.35 06.47 06.63
03.48 01.18 01.23 01.21 01.19 02.24 03.77 06.08 06.43 06.82 07.17 07.30 07.45 07.54 07.56 07.55 07.56 07.73 08.37 09.58 03.93 01.59 01.95 01.12 01.89 02.94 03.27 03.36 03.44 03.49 03.53 03.56 03.60 03.63 03.65 03.68 03.89 03.93 03.95 03.71 03.04 02.89 02.84 02.88 02.93 02.96 02.97 02.87 02.70 02.52 02.35 02.15 00.46 00.85 01.57 01.69 01.77 01.85 05.76 06.33 06.40 06.51 06.47 06.21 06.22 06.30 06.40 06.54 06.13 06.19 06.25 06.31 06.34 06.33 06.35 05.37 03.70
03.54 03.14 02.52 01.11 00.82 02.16 04.66 05.30 05.95 06.25 06.54 06.83 07.05 07.17 07.29 07.39 07.42 07.49 07.86 08.71 08.46 01.54 01.34 00.95 00.83 00.85 00.87 00.87 00.88 00.88 00.88 01.27 02.15 03.27 03.58 03.62 03.67 03.61 03.57 03.48 03.48 02.67 02.73 02.74 02.71 02.66 02.57 02.40 02.29 02.03 00.17 00.92 01.60 01.72 01.79 01.85 05.49 06.20 06.52 06.65 06.70 06.72 06.73 06.69 06.46 06.41 06.50 06.60 06.70 06.19 06.22 06.14 04.58 03.51 03.55 03.58 03.62
07.24 02.59 02.02 01.32 01.08 02.06 04.35 04.75 05.18 05.66 06.16 06.60 06.71 06.83 06.94 07.04 07.13 07.23 05.79 04.06 03.33 01.35 02.00 05.33 10.38 01.48 00.99 00.99 00.99 00.99 00.98 01.37 01.89 02.84 03.27 03.32 03.38 03.36 03.26 03.24 03.02 02.68 02.46 02.34 02.23 02.19 02.08 01.03 00.63 01.14 01.62 01.67 01.76 01.84 05.70 06.17 06.50 06.61 06.68 06.77 06.86 06.94 06.91 06.90 06.89 06.69 06.48 06.58 06.53 04.65 03.59 03.63 03.59 03.60 03.62 03.63 03.65
03.57 02.56 01.42 05.77 05.31 02.06 03.45 04.45 04.88 05.39 05.76 06.04 06.28 06.47 06.00 04.58 03.66 03.67 03.70 02.88 02.24 02.81 03.14 06.22 03.70 02.99 04.46 01.26 01.85 02.23 01.26 01.58 02.77 02.89 02.99 03.02 03.03 03.00 02.95 02.83 02.64 02.38 02.00 00.48 00.23 00.58 00.97 01.47 01.59 01.67 01.74 02.43 05.52 05.99 06.39 06.54 06.64 06.71 06.78 06.86 06.94 07.01 07.06 07.06 07.04 07.01 04.76 03.61 03.63 03.68 03.72 03.77 03.67 03.65 03.66 03.66 03.68
02.41 01.56 05.70 08.67 05.70 02.52 02.61 02.73 02.86 03.02 03.19 03.27 03.33 03.41 03.45 03.48 03.50 03.56 03.64 03.90 04.36 04.77 05.20 04.44 04.65 05.08 01.94 01.91 02.46 02.18 01.84 01.69 02.11 02.38 02.66 02.69 02.69 02.63 02.49 02.36 02.19 00.61 00.88 01.63 01.59 01.53 01.55 01.63 01.71 04.41 05.57 06.01 06.23 06.38 06.51 06.62 06.71 06.78 06.85 06.93 07.00 07.05 07.10 07.16 05.47 04.06 04.03 03.99 03.81 03.60 03.67 03.74 03.82 03.73 04.05 04.99 05.79
06.51 03.19 04.34 07.12 08.31 03.97 03.89 02.64 02.74 02.83 02.94 03.06 03.19 03.26 03.29 03.31 03.32 03.32 03.37 03.44 04.04 03.90 01.34 02.19 03.37 03.04 03.08 02.84 02.40 00.67 00.73 00.62 01.62 01.83 02.09 02.22 02.17 02.15 01.97 00.40 00.82 01.37 01.78 01.87 02.60 04.86 04.96 05.14 05.55 05.80 05.99 06.16 06.33 06.44 06.55 06.68 06.74 06.79 06.90 06.98 07.04 07.09 05.99 04.05 04.08 04.11 04.16 04.15 04.11 04.13 03.62 04.16 05.22 05.92 05.95 06.01 06.05
04.30 05.11 05.68 05.22 04.31 04.23 04.37 03.51 02.57 02.68 02.77 02.87 02.97 03.06 03.10 03.12 03.22 03.44 03.50 01.97 01.13 01.05 00.99 01.25 01.90 02.67 02.66 02.43 02.11 00.99 02.12 01.20 00.78 00.54 00.32 01.68 00.22 00.78 01.02 01.56 01.67 01.77 01.87 03.51 06.29 06.55 06.17 05.69 05.55 05.75 05.95 06.11 06.29 06.49 06.58 06.64 06.71 06.79 06.90 06.99 05.90 03.97 04.00 04.03 04.06 04.12 04.17 04.18 04.20 05.20 06.29 05.81 06.00 06.11 06.21 06.14 06.11
03.59 03.74 03.92 04.14 04.22 04.38 04.26 03.07 03.12 03.15 03.19 03.24 03.29 03.33 03.33 03.34 03.34 03.35 03.39 03.08 02.13 01.58 00.97 00.85 00.84 01.50 02.26 01.77 00.85 01.96 02.08 01.99 01.25 01.29 01.34 01.38 01.47 01.55 01.64 01.72 01.78 03.64 05.77 06.41 06.73 06.96 07.08 06.54 05.94 05.68 05.86 06.02 06.19 06.40 06.61 06.71 06.76 06.81 05.90 03.96 03.97 03.99 04.03 04.07 04.10 04.12 04.14 04.90 06.26 06.44 06.54 06.59 05.93 06.18 06.22 06.30 06.21
03.25 03.39 03.50 03.78 03.93 03.96 04.10 03.54 02.91 02.97 03.01 03.07 03.11 03.13 03.15 03.14 03.11 03.14 03.20 03.27 03.54 02.69 01.61 00.39 00.96 00.76 00.60 00.87 01.43 01.94 02.04 05.37 03.59 03.15 01.58 01.49 01.55 01.66 03.84 05.29 05.67 06.06 06.27 06.44 06.65 06.84 07.02 07.28 07.28 06.18 05.70 05.89 06.09 06.30 06.50 06.65 04.87 03.86 03.90 03.95 04.06 04.07 04.11 04.15 04.16 04.76 06.08 06.37 06.50 06.56 06.61 06.55 06.43 06.33 06.21 06.25 06.38
03.39 03.50 03.50 03.54 03.60 03.62 03.60 03.38 02.73 02.66 02.68 02.78 02.86 02.82 02.78 02.75 02.78 02.82 02.82 02.79 02.77 02.69 02.44 00.21 02.09 01.54 01.10 00.72 01.01 02.87 01.92 02.03 04.28 04.25 04.21 04.44 04.71 05.04 05.45 05.82 05.96 06.10 06.26 06.41 06.55 06.69 06.84 07.06 07.36 07.65 06.68 05.72 04.96 04.07 03.59 03.66 03.73 03.79 03.87 03.93 04.03 04.12 04.18 04.62 06.08 06.37 06.48 06.52 06.56 06.60 06.65 06.70 06.67 06.52 06.38 06.28 06.32
03.13 03.13 03.22 03.27 03.30 03.29 03.23 03.11 02.94 02.29 02.26 02.37 02.47 02.56 02.61 02.56 02.52 02.47 02.40 02.29 02.25 02.10 00.44 00.96 02.05 02.01 06.53 05.99 01.21 02.04 01.19 01.25 01.04 04.43 04.41 04.43 04.70 04.98 05.29 05.62 05.93 06.07 06.21 06.34 06.45 06.56 06.70 06.90 07.10 07.35 04.68 03.72 03.53 03.56 03.56 03.57 03.65 03.74 03.84 03.92 03.99 04.57 05.85 06.36 06.51 06.55 06.60 06.62 06.62 06.64 06.70 06.75 06.78 06.78 06.61 06.54 06.62
02.96 02.96 02.94 02.93 02.94 02.94 02.86 02.69 02.49 02.33 01.80 01.88 01.97 02.04 02.07 02.08 02.07 01.95 01.83 00.42 00.59 01.00 01.61 01.86 01.99 02.19 06.81 07.76 08.34 07.95 04.58 02.96 04.86 06.50 00.83 01.00 01.96 01.66 04.67 05.47 05.71 05.99 06.14 06.29 06.41 06.53 06.64 06.75 04.73 04.05 04.15 04.02 03.83 03.58 03.52 03.52 03.51 03.60 03.88 04.97 05.98 06.17 06.34 06.48 06.59 06.63 06.67 06.71 06.70 06.72 06.75 06.78 06.83 06.95 07.30 07.18 07.01
02.67 02.66 02.65 02.63 02.59 02.49 02.37 02.26 01.95 00.67 00.98 00.78 00.62 00.38 00.63 00.77 00.88 01.02 01.24 01.46 01.57 01.66 01.77 01.87 05.04 06.63 07.15 07.57 07.99 08.32 08.38 06.31 06.80 07.49 02.82 01.39 00.73 00.74 02.14 01.02 01.08 02.38 05.71 06.02 06.28 05.33 03.72 03.77 03.86 03.96 04.05 04.13 04.30 04.12 04.39 05.09 05.26 05.52 05.80 06.09 06.18 06.26 06.34 06.45 06.57 06.67 06.71 06.75 06.80 06.81 06.80 06.87 07.26 07.42 07.48 07.44 07.20
02.22 02.19 02.16 02.13 02.08 01.93 00.45 00.65 01.07 01.65 01.74 01.36 01.38 01.39 01.45 01.52 01.54 01.55 01.58 01.61 01.67 02.76 05.25 05.86 06.40 06.65 06.86 07.10 07.47 07.83 08.16 08.47 08.69 08.76 06.59 01.96 02.43 02.79 00.78 00.79 00.79 00.78 00.77 00.99 01.73 02.73 03.45 03.58 03.80 03.93 04.04 04.14 04.23 05.51 06.41 06.14 05.89 05.74 05.81 06.04 06.18 06.26 06.35 06.45 06.55 06.65 06.75 06.80 06.85 06.92 07.27 07.43 07.49 07.51 07.52 07.54 07.45
00.75 00.36 00.24 00.64 00.89 01.05 01.53 01.64 01.72 01.79 01.93 04.75 03.71 02.40 02.10 02.98 04.01 04.81 04.99 05.10 05.21 05.53 05.80 06.04 06.28 06.50 06.71 06.94 07.18 07.43 07.78 08.08 08.06 06.03 03.67 03.88 04.33 04.87 05.71 01.22 01.09 01.09 01.08 01.04 01.01 01.01 02.45 03.31 03.55 03.81 03.94 05.08 06.17 06.42 06.58 06.72 06.18 05.93 05.79 05.93 06.14 06.26 06.34 06.43 06.51 06.60 06.72 06.83 07.15 07.44 07.54 07.55 07.55 07.55 07.55 07.58 07.62
01.36 01.40 01.44 01.49 01.55 01.62 01.68 01.75 03.04 05.45 05.70 05.64 05.38 05.11 04.83 04.95 05.20 05.41 05.42 05.44 05.48 05.51 05.73 05.94 06.15 06.36 06.56 06.76 06.98 07.23 07.48 07.66 05.30 04.82 05.18 05.63 05.99 06.28 05.77 02.28 04.13 03.10 01.08 01.09 01.07 01.03 01.03 01.18 02.25 03.84 05.63 05.92 06.23 06.43 06.57 06.71 06.84 06.14 05.96 05.84 06.03 06.23 06.34 06.42 06.51 06.59 07.02 07.33 07.47 07.53 07.58 07.63 07.61 07.61 07.64 07.66 07.71
01.54 01.56 01.81 02.19 02.97 04.75 05.15 05.52 05.86 06.07 06.25 06.15 05.85 05.44 05.17 04.93 05.16 05.38 05.56 05.54 05.55 05.59 05.64 05.84 06.03 06.22 06.42 06.62 06.81 07.00 06.48 04.30 04.43 04.55 04.83 05.15 05.45 05.26 05.66 04.59 03.86 06.16 06.00 01.03 01.23 01.16 01.00 01.06 02.41 04.72 05.26 05.72 06.00 06.29 06.50 06.63 06.76 06.91 06.09 05.98 05.95 06.15 06.33 06.67 07.06 07.22 07.32 07.40 07.49 07.56 07.60 07.64 07.68 07.67 07.68 07.71 07.75
04.98 04.95 04.95 05.00 05.22 05.43 05.59 05.75 05.90 06.03 06.18 06.45 06.54 05.99 05.44 05.17 05.08 05.29 05.50 05.64 05.62 05.64 05.69 05.75 05.94 06.12 06.30 06.48 05.69 03.91 04.01 04.13 04.26 04.41 04.56 04.70 04.78 06.29 07.03 07.27 06.64 06.86 06.76 03.31 01.11 01.05 01.01 01.39 02.97 03.85 04.83 05.43 05.81 06.08 06.35 06.55 06.69 06.84 07.06 06.53 06.53 06.74 06.94 07.12 07.21 07.29 07.34 07.41 07.48 07.55 07.61 07.65 05.79 07.66 07.64 07.73 07.77
05.16 05.14 05.09 05.11 05.20 05.41 05.57 05.70 05.83 05.95 06.09 06.26 06.54 06.79 06.09 05.36 04.97 05.12 05.50 05.69 05.78 05.71 05.72 05.77 05.71 04.56 03.51 03.63 03.74 03.84 03.93 04.03 04.17 04.31 04.42 04.91 06.43 06.77 07.00 07.15 07.21 07.35 07.44 06.82 06.07 02.24 01.63 01.75 03.64 04.00 04.55 05.06 05.62 05.89 06.15 06.40 06.58 06.92 07.35 07.62 06.79 06.84 06.99 07.12 07.22 07.28 07.34 07.40 07.47 07.55 -1.00 -1.00 -1.00 -1.00 00.68 03.83 07.45
05.24 05.30 05.24 05.17 05.21 05.34 05.52 05.67 05.79 05.91 06.04 06.18 06.32 06.58 06.86 04.10 03.01 03.78 03.62 03.33 03.26 03.30 03.26 03.25 03.26 03.30 03.43 03.55 03.66 03.73 03.82 03.92 04.04 04.28 05.56 06.37 06.60 06.76 06.91 07.05 07.19 07.30 07.38 07.42 07.20 06.99 04.88 04.17 03.91 04.43 04.32 04.87 05.37 05.78 06.10 06.65 07.05 07.24 07.41 07.59 07.32 07.18 07.01 07.11 07.20 07.27 07.34 07.40 07.46 -1.00 -1.00 -1.00 -1.00 -1.00 -1.00 -1.00 -1.00
05.34 05.36 05.39 05.30 05.26 05.30 05.46 05.63 05.77 05.88 06.00 06.11 04.98 03.57 03.76 03.96 04.17 02.93 02.98 03.11 03.22 03.31 03.34 03.30 03.30 03.31 03.37 03.48 03.58 03.66 03.75 04.46 05.69 06.10 06.32 06.44 06.56 06.68 06.82 06.98 07.14 07.26 07.44 07.63 07.51 07.25 06.97 06.85 03.91 04.45 05.04 05.55 05.99 06.34 06.70 07.02 07.19 07.29 07.45 07.56 07.52 07.43 07.11 07.08 07.17 07.25 07.32 07.27 02.42 01.66 03.33 -1.00 -1.00 -1.00 -1.00 -1.00 -1.00
