Assets/WUInity/Farsite/test_dataset/Ashley/output/test.rci
NCOLS 382
NROWS 266
XLLCORNER 157819.328125
YLLCORNER 384678.625000
CELLSIZE 30.000000
NODATA_VALUE -1
[rows 208 to 233 of 266, columns 180 to 239 of 382]
00153.919 00154.842 00155.621 00629.281 00488.835 00324.211 00637.906 00370.581 00587.957 00283.511 00239.475 00159.461 00159.685 00159.840 00232.986 00230.111 00670.583 00668.784 00667.364 00664.228 00661.010 00659.335 00656.767 00257.253 00659.847 00665.786 00159.877 00161.798 00162.933 00165.181 00163.991 00164.670 00165.380 00165.444 00164.103 00164.603 00164.971 00165.259 00163.394 00163.247 00162.308 00162.546 00161.757 00161.842 00161.382 00161.182 00161.116 00160.817 00207.172 00160.913 00160.628 00160.383 00160.307 00160.305 00160.236 00274.873 00213.871 00579.524 00450.409 00498.076
00152.848 00154.020 00154.913 00155.585 00393.296 00243.283 00546.313 00292.753 00554.906 00313.270 00520.986 00412.723 00218.454 00514.533 00329.864 00178.477 00664.802 00663.817 00662.451 00667.629 00662.943 00659.813 00656.803 00556.836 00657.301 00608.109 00377.733 00160.436 00161.429 00163.370 00162.424 00162.356 00162.943 00163.022 00163.911 00162.832 00163.483 00162.101 00162.339 00161.427 00161.547 00161.279 00160.630 00161.058 00160.309 00245.985 00160.893 00160.515 00160.150 00159.929 00159.964 00159.968 00196.616 00450.318 00581.568 00501.018 00568.201 00318.377 00640.148 00421.196
00151.837 00152.992 00153.981 00154.771 00155.450 00161.383 00458.042 00230.595 00529.532 00324.502 00588.814 00326.232 00542.151 00239.218 00482.632 00269.905 00662.946 00664.008 00662.712 00659.866 00659.634 00613.888 00188.033 00478.739 00659.644 00340.191 00167.444 00159.759 00160.477 00161.597 00160.894 00161.263 00161.914 00161.408 00161.935 00162.412 00161.433 00161.519 00160.367 00160.581 00160.127 00374.382 00161.002 00160.823 00160.366 00160.136 00160.350 00159.688 00159.525 00201.029 00339.986 00313.966 00164.404 00560.762 00461.423 00364.586 00268.633 00173.956 00561.881 00330.705
00149.648 00151.816 00152.798 00153.781 00154.612 00155.278 00155.960 00157.778 00350.227 00504.438 00630.255 00424.004 00196.827 00470.029 00236.464 00662.059 00575.256 00664.518 00663.966 00661.411 00581.601 00585.206 00590.720 00357.300 00607.363 00522.423 00493.300 00346.367 00317.969 00159.885 00160.523 00160.447 00161.023 00234.758 00170.933 00239.741 00228.797 00160.947 00160.602 00160.272 00160.327 00160.141 00160.176 00159.916 00160.035 00197.573 00266.506 00226.735 00485.791 00190.756 00491.955 00299.582 00625.616 00489.663 00360.197 00234.712 00625.632 00528.421 00429.968 00331.575
00145.961 00149.218 00151.744 00152.537 00153.583 00154.428 00155.005 00155.645 00274.583 00483.372 00168.275 00326.390 00306.766 00578.579 00250.640 00445.692 00200.623 00659.169 00658.746 00656.174 00310.918 00270.819 00202.614 00154.117 00156.090 00350.366 00611.486 00237.465 00533.097 00247.769 00317.778 00159.947 00159.976 00159.857 00160.128 00159.959 00160.209 00159.901 00160.093 00159.670 00200.190 00197.448 00399.560 00370.341 00167.857 00503.543 00347.712 00202.173 00545.729 00380.900 00220.949 00482.583 00191.277 00503.944 00324.427 00651.670 00527.534 00405.950 00286.083 00166.920
00151.365 00145.695 00148.541 00151.224 00152.174 00153.258 00154.069 00154.795 00155.505 00155.780 00184.222 00402.597 00598.581 00263.513 00482.043 00228.694 00658.501 00659.454 00580.512 00589.684 00534.587 00485.434 00650.182 00154.410 00155.634 00631.706 00452.988 00181.799 00489.372 00263.803 00535.139 00306.965 00538.578 00217.360 00497.539 00290.016 00577.777 00350.225 00633.403 00427.898 00229.368 00557.493 00388.433 00222.266 00544.116 00350.042 00160.050 00526.120 00395.205 00270.716 00653.843 00501.925 00357.709 00219.918 00516.177 00250.841 00543.663 00362.446 00174.694 00550.839
00174.112 00438.226 00144.729 00147.705 00150.326 00151.955 00152.836 00153.721 00154.325 00154.949 00155.563 00155.494 00155.695 00156.155 00624.702 00444.390 00271.091 00202.350 00298.729 00339.204 00284.682 00244.376 00650.045 00154.160 00155.068 00156.002 00309.101 00576.927 00258.731 00270.915 00576.095 00386.621 00181.983 00409.330 00636.589 00453.567 00266.625 00578.412 00383.715 00191.115 00515.034 00341.802 00173.359 00513.050 00351.743 00190.882 00516.201 00335.992 00661.106 00541.553 00428.409 00319.577 00274.595 00602.639 00472.994 00349.066 00230.631 00569.594 00327.012 00601.668
00453.596 00328.812 00196.190 00143.121 00146.455 00149.446 00151.513 00152.170 00153.062 00153.841 00154.650 00154.682 00154.815 00155.091 00155.414 00155.227 00155.223 00155.239 00155.190 00363.702 00479.870 00481.727 00403.524 00265.271 00154.230 00155.024 00155.743 00464.947 00188.989 00378.000 00545.238 00242.022 00387.014 00559.546 00293.988 00495.042 00659.703 00338.696 00584.094 00411.797 00241.054 00581.054 00427.478 00277.887 00631.449 00472.905 00316.848 00160.405 00662.338 00663.065 00606.730 00434.758 00186.132 00491.968 00327.214 00179.945 00556.424 00426.988 00302.343 00183.627
00249.899 00613.667 00426.518 00427.509 00141.664 00145.665 00147.812 00150.167 00151.794 00152.411 00153.360 00153.434 00153.749 00154.087 00154.514 00154.442 00154.449 00154.456 00154.441 00154.300 00154.081 00153.669 00173.227 00152.607 00153.155 00154.180 00154.960 00155.641 00617.695 00364.508 00588.452 00340.812 00546.200 00197.977 00442.672 00191.737 00391.149 00592.241 00317.946 00524.419 00212.198 00403.807 00603.773 00325.920 00559.258 00308.416 00659.649 00661.258 00660.625 00182.366 00526.309 00426.655 00655.716 00658.161 00440.188 00610.885 00365.586 00628.592 00359.917 00646.700
00352.251 00350.202 00164.011 00455.510 00242.116 00558.257 00143.103 00146.294 00148.316 00150.151 00152.157 00152.197 00152.312 00152.794 00153.043 00153.675 00153.376 00153.388 00153.400 00153.344 00153.164 00152.943 00152.691 00152.004 00151.858 00153.065 00153.881 00154.887 00155.108 00155.611 00598.391 00384.986 00653.239 00341.124 00562.061 00335.934 00592.993 00306.195 00537.078 00287.960 00526.363 00259.239 00481.672 00195.055 00436.559 00188.571 00659.374 00660.208 00659.290 00611.968 00425.594 00334.829 00183.558 00514.445 00317.010 00580.911 00225.573 00155.456 00155.571 00155.404
00429.125 00116.924 00411.413 00215.813 00545.101 00412.264 00272.368 00341.727 00143.577 00146.119 00148.604 00149.702 00150.325 00151.366 00151.850 00152.187 00152.501 00152.123 00152.095 00152.112 00152.041 00152.023 00151.398 00150.624 00149.741 00151.810 00152.552 00153.425 00154.152 00154.718 00155.237 00155.644 00156.056 00156.191 00645.808 00431.241 00215.096 00462.820 00193.810 00460.682 00233.445 00496.102 00255.424 00494.277 00221.844 00494.005 00303.553 00655.226 00278.185 00282.224 00160.839 00615.383 00502.449 00491.280 00157.493 00627.078 00153.515 00154.477 00154.642 00154.780
00132.383 00569.422 00262.800 00398.875 00407.663 00277.587 00140.623 00420.357 00192.632 00342.470 00143.449 00145.314 00146.053 00147.705 00148.520 00149.435 00150.311 00150.026 00150.132 00149.992 00149.952 00149.555 00148.863 00148.055 00146.444 00148.818 00150.957 00152.089 00152.857 00153.612 00154.343 00154.666 00154.803 00155.126 00155.562 00155.470 00155.793 00155.644 00155.935 00156.077 00156.138 00156.197 00156.202 00156.229 00156.113 00156.100 00155.645 00155.319 00155.387 00321.935 00373.233 00314.788 00232.259 00304.069 00311.726 00146.005 00151.853 00153.279 00153.491 00153.755
00306.189 00237.671 00228.856 00482.465 00249.755 00148.953 00456.961 00248.458 00533.075 00329.791 00602.349 00380.636 00145.315 00142.206 00143.526 00145.296 00145.881 00145.984 00146.172 00145.996 00146.017 00146.038 00145.235 00144.071 00142.933 00144.543 00147.244 00149.784 00151.687 00152.196 00153.044 00153.774 00153.687 00154.087 00154.626 00154.548 00154.861 00155.208 00155.033 00155.350 00155.140 00155.422 00155.146 00155.249 00155.347 00155.108 00155.206 00154.875 00154.825 00154.688 00307.397 00556.203 00483.144 00436.534 00406.022 00637.281 00149.469 00151.821 00152.098 00152.337
00149.249 00282.771 00168.237 00153.887 00276.866 00577.089 00201.010 00584.967 00408.083 00217.529 00506.532 00298.474 00564.966 00309.541 00532.409 00245.137 00455.828 00157.000 00253.712 00168.300 00292.027 00280.049 00194.201 00490.165 00244.451 00430.552 00142.598 00146.038 00147.934 00150.465 00151.799 00152.423 00152.273 00152.763 00153.331 00153.900 00153.709 00154.110 00153.925 00154.233 00154.082 00154.238 00154.408 00154.369 00154.458 00154.548 00154.136 00154.071 00154.002 00153.775 00233.508 00609.462 00622.171 00275.063 00147.025 00366.508 00146.220 00148.123 00149.552 00150.418
00153.385 00150.724 00141.883 00267.716 00195.295 00462.094 00304.946 00540.415 00252.210 00573.378 00417.164 00222.416 00487.150 00240.495 00474.558 00205.082 00439.215 00182.304 00465.947 00270.286 00529.429 00216.466 00418.975 00150.527 00333.339 00237.643 00486.656 00272.318 00143.249 00146.737 00147.964 00149.731 00150.265 00151.307 00151.985 00152.505 00152.374 00152.719 00153.206 00152.931 00153.264 00153.006 00153.221 00153.431 00153.297 00153.389 00153.483 00152.984 00152.913 00152.839 00225.168 00311.000 00383.144 00358.518 00147.709 00146.694 00143.892 00141.515 00145.020 00146.465
00155.551 00153.748 00151.063 00149.434 00247.715 00472.139 00138.306 00415.857 00325.853 00106.356 00384.733 00160.813 00187.339 00175.930 00419.502 00168.439 00420.857 00181.719 00476.247 00292.213 00584.941 00292.376 00520.790 00301.859 00565.078 00428.133 00266.382 00567.951 00387.696 00157.652 00142.867 00145.266 00146.174 00147.744 00148.525 00149.804 00150.161 00151.107 00151.463 00151.684 00152.087 00152.464 00151.869 00152.091 00152.533 00152.113 00152.277 00152.442 00151.966 00151.723 00151.306 00150.520 00149.485 00147.655 00145.943 00143.575 00141.181 00382.523 00450.421 00160.088
00156.563 00155.162 00153.367 00153.407 00151.641 00144.938 00227.802 00482.229 00224.245 00100.714 00405.922 00199.118 00455.324 00190.474 00419.906 00161.495 00265.273 00118.982 00214.956 00186.718 00124.054 00196.901 00192.020 00147.936 00144.227 00247.316 00579.931 00424.729 00252.066 00571.110 00412.270 00246.536 00367.821 00142.714 00143.529 00145.403 00145.914 00146.974 00147.415 00148.776 00148.446 00149.060 00148.800 00149.156 00149.871 00149.451 00149.472 00149.470 00148.797 00148.704 00148.118 00147.286 00146.165 00144.873 00142.869 00177.167 00180.956 00553.483 00496.438 00135.304
00156.159 00156.284 00154.973 00155.223 00153.589 00151.484 00150.889 00146.002 00142.205 00162.828 00387.049 00165.283 00068.758 00212.097 00472.556 00223.664 00472.727 00245.875 00528.861 00359.407 00189.118 00462.000 00201.654 00460.585 00247.671 00334.255 00310.140 00295.993 00139.369 00483.809 00333.869 00177.894 00457.464 00221.454 00510.891 00327.907 00558.328 00159.218 00142.039 00143.680 00143.539 00144.309 00144.156 00145.546 00145.447 00146.253 00145.602 00144.983 00145.453 00144.442 00144.284 00143.095 00142.136 00156.272 00562.659 00452.295 00587.634 00458.344 00319.662 00549.803
00157.309 00157.200 00156.077 00156.295 00155.123 00153.629 00153.623 00151.511 00151.454 00150.091 00145.592 00143.331 00514.788 00271.674 00448.556 00212.147 00051.918 00072.293 00080.891 00251.358 00182.840 00426.709 00211.615 00272.235 00111.191 00069.801 00445.032 00247.626 00331.370 00169.661 00403.557 00599.719 00381.134 00156.770 00465.652 00288.924 00587.278 00313.462 00535.958 00280.888 00540.490 00344.415 00149.574 00319.888 00520.814 00281.184 00516.046 00231.533 00412.988 00599.276 00381.065 00165.965 00490.920 00342.021 00271.315 00535.615 00363.859 00214.855 00530.048 00172.354
00158.354 00158.340 00157.059 00157.149 00156.165 00154.931 00155.076 00155.226 00153.539 00153.517 00151.598 00152.019 00148.934 00148.104 00143.572 00142.925 00285.709 00374.077 00169.349 00332.612 00484.068 00201.149 00398.797 00189.449 00412.436 00204.621 00309.802 00208.863 00505.745 00207.491 00368.031 00398.785 00183.391 00589.413 00421.303 00250.848 00542.112 00277.254 00512.873 00270.851 00540.046 00347.924 00154.891 00331.564 00534.017 00308.062 00562.909 00289.088 00492.078 00179.841 00450.564 00251.942 00516.703 00247.817 00488.111 00265.929 00564.828 00325.089 00228.010 00122.912
00159.387 00159.441 00158.138 00158.301 00157.004 00155.925 00156.043 00156.136 00155.340 00154.557 00153.506 00153.751 00154.090 00152.184 00152.524 00151.312 00151.564 00149.114 00148.646 00146.955 00148.828 00147.236 00146.281 00147.310 00147.224 00147.637 00144.046 00230.042 00361.336 00112.177 00415.791 00570.227 00337.902 00591.233 00409.673 00202.203 00125.925 00172.841 00481.066 00260.156 00536.944 00348.074 00158.145 00345.906 00546.844 00333.793 00608.006 00339.643 00559.192 00259.394 00509.526 00322.420 00137.132 00387.230 00144.013 00132.455 00236.280 00549.924 00391.798 00239.711
00658.117 00158.834 00159.212 00157.906 00158.054 00156.846 00156.909 00156.985 00156.161 00155.415 00156.003 00154.943 00155.185 00154.087 00154.336 00152.961 00153.308 00152.222 00152.646 00153.276 00152.097 00151.372 00152.299 00151.588 00152.277 00152.251 00152.318 00147.411 00141.201 00257.006 00397.717 00038.886 00102.623 00139.504 00439.067 00259.977 00561.815 00296.991 00528.360 00293.756 00558.376 00369.738 00180.528 00383.313 00370.029 00234.459 00130.419 00263.075 00129.818 00268.011 00448.511 00384.915 00209.960 00505.625 00283.372 00555.536 00362.047 00174.437 00496.586 00081.775
00508.495 00622.313 00302.146 00238.243 00159.071 00157.936 00158.126 00158.488 00156.973 00157.716 00156.959 00155.845 00156.176 00156.465 00155.338 00155.668 00154.736 00155.177 00154.155 00154.541 00153.427 00154.218 00153.674 00154.769 00153.712 00154.406 00154.084 00152.255 00150.808 00149.294 00145.790 00141.552 00401.797 00185.459 00413.667 00193.392 00070.123 00181.532 00099.424 00360.352 00128.334 00422.641 00236.108 00503.220 00165.751 00427.194 00227.726 00498.687 00242.093 00459.390 00172.443 00456.790 00284.690 00114.645 00395.030 00177.284 00207.211 00054.781 00113.052 00437.038
00633.230 00178.076 00441.030 00646.008 00659.964 00254.128 00595.814 00158.983 00157.877 00158.882 00157.548 00156.406 00156.667 00157.024 00156.188 00156.471 00155.546 00155.935 00154.985 00155.401 00155.793 00155.090 00155.856 00155.210 00154.561 00154.794 00155.273 00154.349 00152.972 00152.929 00151.494 00151.610 00149.147 00147.785 00144.394 00141.814 00180.413 00409.908 00174.725 00381.822 00174.036 00386.822 00223.695 00046.041 00052.678 00063.916 00067.263 00070.580 00068.150 00067.549 00065.992 00061.452 00046.307 00141.586 00410.643 00277.883 00534.860 00419.908 00201.966 00145.569
00240.302 00456.466 00260.184 00163.042 00458.259 00663.858 00160.349 00159.834 00158.527 00159.140 00158.209 00157.273 00157.535 00157.801 00156.727 00156.901 00156.074 00156.478 00156.871 00156.092 00156.402 00155.515 00156.136 00155.417 00156.187 00155.619 00156.201 00155.578 00155.803 00154.601 00154.702 00153.614 00152.523 00152.306 00151.214 00151.635 00150.228 00148.018 00147.600 00144.717 00143.272 00141.111 00157.954 00167.109 00365.456 00537.940 00369.759 00202.057 00434.463 00219.009 00366.045 00155.413 00304.504 00197.698 00145.827 00142.905 00146.308 00146.216 00148.946 00150.968
00356.000 00558.926 00275.834 00669.174 00626.785 00527.705 00361.395 00391.090 00247.142 00160.435 00158.954 00159.478 00158.337 00158.667 00157.501 00157.813 00158.137 00157.274 00157.715 00156.614 00156.864 00157.185 00156.401 00156.932 00156.288 00156.982 00156.599 00156.178 00156.563 00155.592 00155.695 00154.943 00155.190 00154.269 00154.262 00153.679 00152.798 00151.714 00152.355 00151.114 00151.789 00152.239 00150.571 00151.267 00149.313 00151.482 00148.254 00149.192 00147.326 00148.280 00148.347 00149.050 00149.380 00151.126 00150.391 00149.720 00151.456 00152.455 00151.403 00152.366
