Assets/WUInity/Farsite/test_dataset/Ashley/output/test.fml
NCOLS 382
NROWS 266
XLLCORNER 157819.328125
YLLCORNER 384678.625000
CELLSIZE 30.000000
NODATA_VALUE -1
[rows 204 to 237 of 266, columns 154 to 230 of 382]
-1.00 -1.00 -1.00 -1.00 -1.00 -1.00 -1.00 00.31 00.60 00.57 00.55 00.53 00.51 00.41 00.33 00.22 00.37 00.64 00.69 00.65 00.50 00.47 00.54 00.54 00.55 00.55 00.55 00.58 00.59 00.59 00.59 00.60 00.60 00.56 00.57 00.57 00.59 00.60 00.70 00.77 00.80 01.12 01.16 01.12 00.99 00.95 00.94 00.76 00.76 00.78 00.67 00.67 00.70 00.68 00.66 00.72 00.69 00.71 00.73 00.75 00.75 00.73 00.72 00.73 00.76 00.73 00.72 00.74 00.74 00.74 00.74 00.74 00.71 00.70 00.68 00.65 00.60
-1.00 -1.00 -1.00 -1.00 -1.00 -1.00 -1.00 -1.00 00.60 00.57 00.55 00.53 00.51 00.41 00.39 00.05 00.38 00.45 00.59 00.54 00.51 00.54 00.51 00.54 00.54 00.54 00.55 00.55 00.58 00.59 00.59 00.59 00.61 00.61 00.58 00.57 00.59 00.60 00.65 00.75 01.02 01.20 01.23 01.30 01.33 01.32 01.34 01.13 00.76 00.77 00.78 00.79 00.70 00.69 00.60 00.62 00.69 00.70 00.71 00.73 00.74 00.71 00.67 00.67 00.68 00.69 00.69 00.70 00.70 00.71 00.71 00.70 00.71 00.72 00.72 00.70 00.58
-1.00 -1.00 -1.00 -1.00 -1.00 -1.00 -1.00 -1.00 00.60 00.57 00.56 00.54 00.51 00.50 00.43 00.33 00.16 00.38 00.40 00.49 00.60 00.55 00.50 00.53 00.54 00.54 00.55 00.55 00.58 00.59 00.59 00.59 00.60 00.62 00.63 00.62 00.63 00.63 00.71 00.78 01.06 01.15 01.26 01.35 01.35 01.37 01.38 01.29 01.15 00.73 00.73 00.73 00.74 00.66 00.59 00.60 00.62 00.63 00.63 00.64 00.65 00.66 00.66 00.67 00.67 00.66 00.65 00.64 00.65 00.66 00.67 00.67 00.67 00.67 00.68 00.66 00.81
-1.00 -1.00 -1.00 -1.00 -1.00 -1.00 -1.00 -1.00 -1.00 00.51 00.55 00.48 00.51 00.54 00.54 00.44 00.44 00.07 00.28 00.44 00.68 00.66 00.53 00.44 00.53 00.54 00.54 00.55 00.55 00.58 00.59 00.59 00.59 00.61 00.62 00.64 00.67 00.72 00.76 00.91 01.02 01.11 01.19 01.26 01.36 01.41 01.38 01.36 01.14 00.99 00.71 00.74 00.74 00.58 00.58 00.58 00.60 00.61 00.62 00.63 00.63 00.63 00.62 00.64 00.63 00.62 00.61 00.61 00.61 00.61 00.62 00.63 00.63 00.67 00.84 00.89 00.92
-1.00 -1.00 -1.00 -1.00 -1.00 -1.00 -1.00 -1.00 -1.00 00.38 00.52 00.46 00.51 00.49 00.56 00.56 00.41 00.38 00.17 00.19 00.68 00.67 00.50 00.49 00.45 00.53 00.54 00.54 00.55 00.55 00.58 00.59 00.60 00.60 00.62 00.64 00.66 00.70 00.75 00.82 00.89 00.98 01.11 01.21 01.29 01.32 01.30 01.29 01.10 01.04 00.71 00.74 00.72 00.65 00.57 00.58 00.59 00.60 00.61 00.61 00.62 00.61 00.61 00.60 00.60 00.61 00.62 00.61 00.61 00.61 00.66 00.77 00.81 00.84 00.86 00.88 00.89
-1.00 -1.00 -1.00 -1.00 -1.00 -1.00 -1.00 -1.00 -1.00 00.17 00.46 00.44 00.51 00.45 00.40 00.50 00.49 00.33 00.19 00.42 00.68 00.66 00.54 00.44 00.43 00.47 00.53 00.54 00.54 00.55 00.55 00.56 00.60 00.60 00.61 00.63 00.65 00.68 00.70 00.74 00.79 00.83 00.94 01.02 01.13 01.22 01.22 01.04 01.02 00.74 00.70 00.74 00.66 00.62 00.59 00.56 00.57 00.58 00.59 00.60 00.60 00.60 00.60 00.60 00.62 00.62 00.65 00.76 00.81 00.82 00.83 00.84 00.84 00.84 00.84 00.85 00.86
-1.00 -1.00 -1.00 -1.00 -1.00 -1.00 -1.00 -1.00 -1.00 -1.00 00.45 00.44 00.47 00.41 00.40 00.48 00.49 00.40 00.24 00.41 00.66 00.61 00.52 00.41 00.42 00.44 00.49 00.53 00.54 00.55 00.55 00.55 00.56 00.60 00.61 00.62 00.64 00.66 00.69 00.72 00.75 00.78 00.86 00.97 00.95 01.13 00.94 00.93 00.91 00.69 00.69 00.65 00.59 00.60 00.62 00.63 00.64 00.63 00.60 00.60 00.60 00.61 00.69 00.73 00.77 00.79 00.81 00.82 00.84 00.85 00.86 00.86 00.85 00.85 00.85 00.85 00.86
-1.00 -1.00 -1.00 -1.00 -1.00 -1.00 -1.00 -1.00 -1.00 -1.00 00.46 00.44 00.48 00.44 00.43 00.44 00.49 00.42 00.23 00.39 00.64 00.51 00.52 00.49 00.41 00.42 00.43 00.49 00.53 00.54 00.55 00.55 00.56 00.56 00.57 00.62 00.63 00.65 00.67 00.70 00.73 00.81 00.84 00.98 01.05 00.97 00.98 00.98 00.98 00.69 00.67 00.59 00.59 00.60 00.62 00.63 00.66 00.68 00.70 00.72 00.74 00.75 00.76 00.77 00.78 00.79 00.80 00.81 00.81 00.82 00.84 00.85 00.85 00.86 00.86 00.86 00.86
-1.00 -1.00 -1.00 -1.00 -1.00 -1.00 -1.00 -1.00 -1.00 -1.00 00.50 00.51 00.55 00.50 00.47 00.47 00.50 00.42 00.22 00.37 00.39 00.46 00.47 00.48 00.48 00.41 00.42 00.43 00.45 00.54 00.54 00.55 00.55 00.56 00.57 00.57 00.60 00.64 00.66 00.68 00.69 00.75 00.81 00.88 00.94 00.87 00.99 01.05 01.07 00.68 00.63 00.64 00.59 00.60 00.62 00.63 00.66 00.68 00.69 00.71 00.72 00.74 00.75 00.76 00.78 00.79 00.80 00.80 00.80 00.80 00.81 00.82 00.83 00.84 00.85 00.85 00.86
-1.00 -1.00 -1.00 -1.00 -1.00 -1.00 -1.00 -1.00 -1.00 -1.00 -1.00 00.56 00.56 00.57 00.53 00.50 00.51 00.43 00.32 00.34 00.45 00.36 00.44 00.45 00.47 00.48 00.41 00.42 00.43 00.44 00.54 00.54 00.55 00.55 00.56 00.57 00.58 00.59 00.60 00.62 00.64 00.66 00.74 00.82 00.85 00.95 01.03 01.07 01.13 00.62 00.58 00.55 00.59 00.60 00.61 00.63 00.65 00.67 00.68 00.69 00.70 00.72 00.73 00.75 00.76 00.78 00.79 00.79 00.79 00.79 00.80 00.80 00.80 00.81 00.82 00.83 00.83
-1.00 -1.00 -1.00 -1.00 -1.00 -1.00 -1.00 -1.00 -1.00 -1.00 -1.00 00.19 00.58 00.60 00.56 00.50 00.52 00.49 00.42 00.24 00.37 00.38 00.38 00.43 00.45 00.46 00.47 00.40 00.42 00.43 00.44 00.52 00.54 00.55 00.56 00.57 00.58 00.59 00.60 00.61 00.62 00.65 00.68 00.73 00.82 00.88 01.00 01.07 01.18 00.55 00.55 00.55 00.55 00.59 00.61 00.62 00.64 00.65 00.67 00.68 00.69 00.70 00.72 00.73 00.74 00.76 00.77 00.78 00.79 00.79 00.79 00.79 00.79 00.80 00.80 00.81 00.82
-1.00 -1.00 -1.00 -1.00 -1.00 -1.00 -1.00 -1.00 -1.00 -1.00 -1.00 00.42 00.50 00.63 00.58 00.54 00.49 00.52 00.44 00.37 00.11 00.38 00.27 00.33 00.42 00.44 00.46 00.47 00.43 00.41 00.42 00.44 00.44 00.54 00.55 00.56 00.56 00.57 00.59 00.60 00.60 00.62 00.64 00.70 00.71 00.83 00.93 01.00 01.05 01.07 00.54 00.55 00.55 00.55 00.56 00.62 00.63 00.65 00.66 00.67 00.68 00.69 00.70 00.72 00.73 00.74 00.75 00.76 00.77 00.78 00.78 00.78 00.79 00.78 00.82 00.84 00.81
-1.00 -1.00 -1.00 -1.00 -1.00 -1.00 -1.00 -1.00 -1.00 -1.00 -1.00 00.62 00.67 00.65 00.58 00.54 00.50 00.52 00.52 00.41 00.34 00.20 00.30 00.26 00.31 00.41 00.43 00.45 00.46 00.47 00.41 00.42 00.43 00.44 00.48 00.55 00.55 00.56 00.58 00.59 00.60 00.61 00.63 00.65 00.67 00.71 00.76 00.84 00.75 00.72 00.53 00.54 00.55 00.55 00.56 00.57 00.58 00.64 00.66 00.66 00.67 00.68 00.69 00.69 00.71 00.73 00.73 00.74 00.75 00.76 00.76 00.78 00.80 00.85 00.83 00.80 00.73
-1.00 -1.00 -1.00 -1.00 -1.00 -1.00 -1.00 -1.00 -1.00 -1.00 00.51 00.68 00.70 00.63 00.58 00.56 00.52 00.48 00.51 00.48 00.38 00.30 00.25 00.10 00.26 00.31 00.41 00.42 00.44 00.45 00.46 00.42 00.42 00.43 00.43 00.44 00.47 00.56 00.57 00.58 00.59 00.60 00.62 00.63 00.64 00.66 00.70 00.73 00.74 00.68 00.52 00.54 00.55 00.55 00.56 00.57 00.58 00.59 00.60 00.61 00.61 00.63 00.67 00.68 00.69 00.70 00.72 00.73 00.74 00.74 00.75 00.76 00.74 00.79 00.86 01.01 01.07
-1.00 -1.00 -1.00 -1.00 -1.00 -1.00 -1.00 -1.00 -1.00 -1.00 00.63 00.68 00.72 00.61 00.59 00.55 00.52 00.41 00.49 00.47 00.48 00.46 00.30 00.29 00.17 00.25 00.30 00.37 00.41 00.43 00.44 00.46 00.46 00.41 00.42 00.43 00.44 00.45 00.45 00.46 00.51 00.57 00.60 00.61 00.62 00.65 00.67 00.61 00.52 00.54 00.48 00.49 00.54 00.55 00.55 00.56 00.57 00.58 00.59 00.60 00.61 00.61 00.61 00.62 00.63 00.63 00.64 00.65 00.65 00.66 00.67 00.69 00.71 00.74 00.82 00.90 00.98
-1.00 -1.00 -1.00 -1.00 -1.00 -1.00 -1.00 -1.00 -1.00 -1.00 00.33 00.67 00.67 00.57 00.56 00.54 00.50 00.40 00.43 00.47 00.48 00.48 00.48 00.31 00.29 00.22 00.23 00.28 00.32 00.40 00.42 00.43 00.45 00.46 00.46 00.41 00.42 00.43 00.43 00.44 00.45 00.46 00.46 00.47 00.47 00.48 00.49 00.49 00.50 00.50 00.49 00.43 00.44 00.54 00.55 00.55 00.56 00.58 00.58 00.59 00.60 00.61 00.61 00.61 00.62 00.62 00.63 00.64 00.64 00.65 00.66 00.67 00.69 00.70 00.76 00.84 00.90
-1.00 -1.00 -1.00 -1.00 -1.00 -1.00 -1.00 -1.00 -1.00 -1.00 00.58 00.62 00.60 00.57 00.55 00.54 00.49 00.41 00.40 00.45 00.49 00.49 00.49 00.48 00.43 00.30 00.27 00.00 00.26 00.30 00.35 00.40 00.42 00.43 00.44 00.45 00.46 00.45 00.41 00.42 00.43 00.44 00.45 00.45 00.46 00.46 00.47 00.47 00.48 00.48 00.43 00.42 00.43 00.44 00.45 00.55 00.56 00.57 00.58 00.58 00.59 00.60 00.60 00.61 00.61 00.61 00.62 00.63 00.63 00.64 00.64 00.65 00.66 00.68 00.72 00.76 00.81
-1.00 -1.00 -1.00 -1.00 -1.00 -1.00 -1.00 -1.00 -1.00 -1.00 00.34 00.57 00.58 00.54 00.53 00.51 00.48 00.42 00.41 00.41 00.46 00.50 00.50 00.49 00.49 00.47 00.30 00.29 00.20 00.23 00.27 00.32 00.37 00.40 00.42 00.43 00.44 00.44 00.45 00.46 00.46 00.46 00.44 00.43 00.43 00.44 00.45 00.45 00.46 00.47 00.46 00.46 00.41 00.43 00.43 00.44 00.46 00.56 00.57 00.58 00.58 00.59 00.60 00.60 00.60 00.60 00.60 00.61 00.62 00.62 00.63 00.63 00.64 00.66 00.67 00.70 00.75
-1.00 -1.00 -1.00 -1.00 -1.00 -1.00 -1.00 -1.00 -1.00 -1.00 00.57 00.57 00.55 00.51 00.45 00.47 00.46 00.47 00.43 00.42 00.41 00.42 00.50 00.50 00.49 00.49 00.48 00.33 00.30 00.26 00.13 00.25 00.29 00.32 00.36 00.40 00.41 00.42 00.42 00.43 00.43 00.44 00.45 00.45 00.45 00.46 00.46 00.46 00.46 00.47 00.45 00.46 00.47 00.41 00.42 00.43 00.44 00.45 00.45 00.46 00.51 00.58 00.59 00.59 00.60 00.60 00.60 00.60 00.61 00.61 00.62 00.62 00.63 00.64 00.66 00.67 00.73
-1.00 -1.00 -1.00 -1.00 -1.00 -1.00 -1.00 -1.00 -1.00 -1.00 00.41 00.45 00.55 00.50 00.48 00.47 00.47 00.48 00.49 00.45 00.42 00.42 00.42 00.48 00.50 00.49 00.49 00.48 00.46 00.30 00.30 00.25 00.04 00.26 00.29 00.33 00.34 00.36 00.39 00.40 00.41 00.41 00.42 00.42 00.43 00.43 00.43 00.43 00.43 00.44 00.44 00.44 00.45 00.46 00.46 00.41 00.42 00.43 00.44 00.44 00.45 00.45 00.46 00.46 00.47 00.47 00.49 00.52 00.55 00.58 00.61 00.60 00.58 00.57 00.56 00.55 00.53
-1.00 -1.00 -1.00 -1.00 -1.00 -1.00 -1.00 -1.00 -1.00 -1.00 -1.00 00.51 00.56 00.47 00.49 00.50 00.49 00.49 00.50 00.50 00.49 00.43 00.42 00.42 00.42 00.50 00.49 00.49 00.49 00.49 00.35 00.31 00.30 00.25 00.12 00.25 00.28 00.30 00.32 00.34 00.35 00.37 00.38 00.39 00.39 00.39 00.39 00.39 00.40 00.39 00.38 00.40 00.42 00.44 00.44 00.45 00.46 00.45 00.42 00.43 00.43 00.44 00.44 00.45 00.45 00.46 00.46 00.46 00.46 00.46 00.47 00.47 00.47 00.48 00.48 00.48 00.49
-1.00 -1.00 -1.00 -1.00 -1.00 -1.00 -1.00 -1.00 -1.00 -1.00 -1.00 00.48 00.56 00.49 00.51 00.52 00.54 00.50 00.50 00.51 00.51 00.51 00.43 00.42 00.42 00.42 00.50 00.50 00.50 00.50 00.50 00.49 00.36 00.31 00.30 00.28 00.22 00.11 00.22 00.27 00.29 00.30 00.32 00.33 00.34 00.34 00.35 00.35 00.35 00.34 00.33 00.32 00.36 00.40 00.42 00.43 00.44 00.45 00.45 00.46 00.46 00.45 00.42 00.42 00.43 00.44 00.44 00.44 00.44 00.45 00.45 00.45 00.46 00.46 00.46 00.46 00.47
-1.00 -1.00 -1.00 -1.00 -1.00 -1.00 -1.00 -1.00 -1.00 -1.00 -1.00 00.49 00.56 00.54 00.53 00.53 00.54 00.55 00.51 00.52 00.52 00.52 00.51 00.48 00.42 00.42 00.42 00.46 00.50 00.50 00.51 00.51 00.51 00.51 00.47 00.32 00.31 00.30 00.30 00.26 00.20 00.13 00.11 00.25 00.27 00.27 00.28 00.29 00.28 00.28 00.26 00.21 00.28 00.32 00.36 00.39 00.40 00.42 00.43 00.43 00.44 00.45 00.45 00.45 00.46 00.46 00.46 00.46 00.46 00.46 00.45 00.44 00.45 00.45 00.46 00.47 00.47
-1.00 -1.00 -1.00 -1.00 -1.00 -1.00 -1.00 -1.00 -1.00 -1.00 -1.00 -1.00 00.55 00.63 00.57 00.62 00.55 00.56 00.56 00.52 00.53 00.53 00.53 00.52 00.51 00.42 00.42 00.42 00.42 00.51 00.51 00.52 00.52 00.52 00.53 00.53 00.52 00.50 00.33 00.32 00.32 00.31 00.31 00.30 00.28 00.27 00.27 00.26 00.27 00.29 00.31 00.31 00.09 00.26 00.29 00.32 00.34 00.37 00.39 00.40 00.41 00.42 00.42 00.43 00.43 00.44 00.44 00.44 00.44 00.45 00.45 00.45 00.45 00.45 00.45 00.45 00.45
-1.00 -1.00 -1.00 -1.00 -1.00 -1.00 -1.00 -1.00 -1.00 -1.00 -1.00 -1.00 00.61 00.69 00.71 00.69 00.60 00.56 00.57 00.57 00.55 00.54 00.56 00.62 00.63 00.60 00.45 00.42 00.42 00.42 00.46 00.52 00.53 00.53 00.53 00.54 00.54 00.54 00.54 00.54 00.52 00.50 00.42 00.33 00.33 00.33 00.34 00.34 00.34 00.34 00.34 00.32 00.30 00.25 00.05 00.25 00.28 00.30 00.32 00.34 00.35 00.37 00.39 00.39 00.40 00.40 00.41 00.41 00.41 00.42 00.42 00.42 00.43 00.42 00.42 00.42 00.43
-1.00 -1.00 -1.00 -1.00 -1.00 -1.00 -1.00 -1.00 -1.00 -1.00 -1.00 -1.00 00.19 00.59 00.75 00.69 00.64 00.57 00.57 00.58 00.59 00.60 00.58 00.64 00.72 00.62 00.61 00.49 00.43 00.43 00.43 00.43 00.49 00.53 00.54 00.54 00.55 00.55 00.55 00.55 00.55 00.55 00.55 00.56 00.56 00.55 00.56 00.57 00.57 00.58 00.58 00.56 00.47 00.31 00.30 00.29 00.22 00.04 00.25 00.28 00.29 00.31 00.32 00.33 00.34 00.35 00.36 00.36 00.37 00.37 00.38 00.38 00.38 00.38 00.38 00.39 00.39
-1.00 -1.00 -1.00 -1.00 -1.00 -1.00 -1.00 -1.00 -1.00 -1.00 -1.00 -1.00 -1.00 00.68 00.79 00.69 00.68 00.66 00.59 00.61 00.61 00.63 00.71 00.74 00.77 00.65 00.60 00.60 00.52 00.49 00.43 00.43 00.43 00.43 00.47 00.54 00.55 00.55 00.55 00.55 00.56 00.56 00.56 00.57 00.57 00.57 00.58 00.59 00.60 00.60 00.60 00.61 00.52 00.50 00.49 00.32 00.31 00.30 00.29 00.24 00.19 00.06 00.22 00.26 00.28 00.29 00.30 00.31 00.31 00.31 00.32 00.32 00.33 00.33 00.33 00.33 00.33
-1.00 -1.00 -1.00 -1.00 -1.00 -1.00 -1.00 -1.00 -1.00 -1.00 -1.00 -1.00 -1.00 00.78 00.88 00.72 00.69 00.70 00.71 00.69 00.69 00.70 00.74 00.77 00.76 00.73 00.63 00.57 00.58 00.55 00.62 00.62 00.54 00.44 00.44 00.44 00.44 00.52 00.56 00.56 00.56 00.56 00.56 00.57 00.57 00.58 00.58 00.59 00.60 00.60 00.61 00.60 00.59 00.51 00.52 00.52 00.52 00.50 00.33 00.32 00.31 00.31 00.30 00.29 00.25 00.23 00.19 00.15 00.11 00.04 00.11 00.19 00.21 00.23 00.22 00.20 00.20
-1.00 -1.00 -1.00 -1.00 -1.00 -1.00 -1.00 -1.00 -1.00 -1.00 -1.00 -1.00 -1.00 -1.00 00.62 00.76 00.75 00.72 00.73 00.73 00.74 00.74 00.76 00.78 00.79 00.79 00.63 00.64 00.55 00.56 00.64 00.71 00.60 00.55 00.44 00.44 00.45 00.44 00.44 00.44 00.45 00.55 00.57 00.57 00.58 00.58 00.59 00.59 00.60 00.61 00.61 00.61 00.61 00.52 00.52 00.53 00.53 00.54 00.53 00.53 00.51 00.49 00.35 00.33 00.32 00.32 00.32 00.31 00.31 00.32 00.31 00.31 00.31 00.31 00.32 00.32 00.32
-1.00 -1.00 -1.00 -1.00 -1.00 -1.00 -1.00 -1.00 -1.00 -1.00 -1.00 -1.00 -1.00 -1.00 -1.00 00.76 00.77 00.78 00.73 00.74 00.76 00.77 00.78 00.79 00.81 00.72 00.66 00.65 00.65 00.66 00.71 00.76 00.59 00.56 00.53 00.49 00.45 00.44 00.45 00.45 00.45 00.45 00.45 00.45 00.45 00.49 00.56 00.59 00.60 00.61 00.61 00.62 00.60 00.57 00.54 00.53 00.53 00.54 00.54 00.54 00.54 00.54 00.54 00.55 00.54 00.54 00.53 00.49 00.44 00.38 00.34 00.34 00.34 00.34 00.34 00.34 00.34
-1.00 -1.00 -1.00 -1.00 -1.00 -1.00 -1.00 -1.00 -1.00 -1.00 -1.00 -1.00 -1.00 -1.00 -1.00 -1.00 00.77 00.78 00.80 00.81 00.79 00.78 00.79 00.80 00.81 00.72 00.66 00.65 00.68 00.72 00.75 00.75 00.64 00.59 00.52 00.55 00.56 00.55 00.50 00.45 00.45 00.45 00.45 00.45 00.45 00.46 00.45 00.46 00.47 00.47 00.48 00.48 00.48 00.46 00.44 00.54 00.54 00.54 00.55 00.55 00.55 00.55 00.55 00.56 00.56 00.56 00.57 00.57 00.57 00.57 00.57 00.57 00.58 00.58 00.58 00.59 00.59
-1.00 -1.00 -1.00 -1.00 -1.00 -1.00 -1.00 -1.00 -1.00 -1.00 -1.00 -1.00 -1.00 -1.00 -1.00 -1.00 -1.00 -1.00 00.80 00.81 00.83 00.82 00.84 00.84 00.89 00.59 00.65 00.69 00.71 00.72 00.75 00.67 00.58 00.62 00.58 00.54 00.56 00.57 00.57 00.57 00.56 00.54 00.48 00.46 00.46 00.47 00.46 00.46 00.47 00.48 00.48 00.48 00.48 00.48 00.45 00.44 00.44 00.45 00.55 00.55 00.55 00.55 00.55 00.56 00.57 00.57 00.57 00.57 00.57 00.58 00.58 00.58 00.59 00.59 00.60 00.60 00.60
-1.00 -1.00 -1.00 -1.00 -1.00 -1.00 -1.00 -1.00 -1.00 -1.00 -1.00 -1.00 -1.00 -1.00 -1.00 -1.00 -1.00 -1.00 -1.00 -1.00 -1.00 00.70 00.80 00.83 00.92 00.60 00.65 00.68 00.73 00.75 00.78 00.61 00.54 00.50 00.57 00.55 00.56 00.57 00.57 00.58 00.57 00.58 00.58 00.58 00.58 00.58 00.55 00.51 00.47 00.48 00.48 00.48 00.48 00.49 00.45 00.44 00.44 00.44 00.44 00.43 00.44 00.49 00.56 00.56 00.57 00.57 00.58 00.58 00.58 00.58 00.58 00.58 00.59 00.59 00.60 00.60 00.61
-1.00 -1.00 -1.00 -1.00 -1.00 -1.00 -1.00 -1.00 -1.00 -1.00 -1.00 -1.00 -1.00 -1.00 -1.00 -1.00 -1.00 -1.00 -1.00 -1.00 -1.00 -1.00 00.78 00.72 00.82 00.67 00.65 00.64 00.65 00.65 00.49 00.58 00.51 00.52 00.58 00.55 00.56 00.57 00.58 00.58 00.58 00.58 00.58 00.59 00.59 00.59 00.59 00.59 00.59 00.60 00.60 00.61 00.61 00.62 00.62 00.51 00.45 00.45 00.45 00.45 00.44 00.44 00.44 00.44 00.45 00.53 00.58 00.58 00.59 00.59 00.59 00.59 00.59 00.59 00.60 00.61 00.61
